### File1
### Start time : 2024/04/10 14:27:26
### ACC FSR:8G
### GYRO FSR:1000
### MAG DATA:Raw_MAG
### Interrupt Threshold:0102
### Data Rate:50Hz
### Data Type:9X DATA
### Feature:6X_LP_QUAT
### Gyro Cal:NO
### Gyro Data:CAL
### Acc Data:RAW
accX, accY, accZ, gyroX, gyroY, gyroZ, magX, magY, magZ
0.0, 0.001, 1.007, -9.064, 8.392, 3.296, 0.0, 0.0, 0.0
-0.064, -0.064, 1.004, -9.033, 8.453, 3.418, 0.0, 0.0, 0.0
-0.064, 0.001, 1.004, -8.911, 8.362, 3.296, 0.0, 0.0, 0.0
0.0, 0.0, 1.005, -8.972, 8.453, 3.296, 0.0, 0.0, 0.0
0.0, 0.0, 1.005, -8.911, 8.301, 3.357, 0.0, 0.0, 0.0
-0.064, 0.0, 1.006, -8.972, 8.392, 3.326, 0.0, 0.0, 0.0
0.0, 0.0, 1.005, -8.942, 8.484, 3.387, 0.0, 0.0, 0.0
-0.064, -0.063, 1.004, -8.911, 8.453, 3.296, 0.0, 0.0, 0.0
-0.064, 0.001, 1.006, -8.972, 8.453, 3.265, 0.0, 0.0, 0.0
-0.063, 0.001, 1.006, -8.972, 8.331, 3.326, 0.0, 0.0, 0.0
0.0, -0.064, 1.004, -9.064, 8.514, 3.479, 0.0, 0.0, 0.0
-0.063, 0.001, 1.006, -9.033, 8.362, 3.357, 0.0, 0.0, 0.0
-0.063, 0.0, 1.006, -9.094, 8.362, 3.357, 0.0, 0.0, 0.0
0.0, -0.064, 1.006, -8.881, 8.423, 3.326, 0.0, 0.0, 0.0
0.001, 0.0, 1.006, -9.033, 8.27, 3.296, 0.0, 0.0, 0.0
-0.064, 0.0, 1.004, -9.125, 8.331, 3.204, 0.0, 0.0, 0.0
-0.063, 0.0, 1.005, -8.972, 8.331, 3.265, 0.0, 0.0, 0.0
-0.063, 0.001, 1.005, -8.942, 8.362, 3.357, 0.0, 0.0, 0.0
-0.063, 0.001, 1.004, -9.155, 8.453, 3.479, 0.0, 0.0, 0.0
0.0, 0.0, 1.006, -9.125, 8.392, 3.387, 0.0, 0.0, 0.0
-0.063, 0.0, 1.004, -8.942, 8.209, 3.326, 0.0, 0.0, 0.0
-0.063, -0.063, 1.005, -9.155, 8.301, 3.387, 0.0, 0.0, 0.0
0.0, -0.063, 1.005, -9.003, 8.301, 3.357, 0.0, 0.0, 0.0
-0.064, 0.0, 1.005, -8.972, 8.484, 3.265, 0.0, 0.0, 0.0
-0.063, 0.001, 1.004, -8.942, 8.423, 3.265, 0.0, 0.0, 0.0
0.0, 0.0, 1.009, -8.85, 8.331, 3.265, 0.0, 0.0, 0.0
-0.063, 0.0, 1.004, -9.155, 8.392, 3.296, 0.0, 0.0, 0.0
-0.063, 0.0, 1.001, -9.094, 8.392, 3.296, 0.0, 0.0, 0.0
-0.063, 0.0, 1.007, -9.064, 8.423, 3.296, 0.0, 0.0, 0.0
-0.063, 0.0, 1.007, -9.064, 8.514, 3.357, 0.0, 0.0, 0.0
0.001, 0.001, 1.005, -9.064, 8.514, 3.326, 0.0, 0.0, 0.0
-0.063, -0.063, 1.016, -9.308, 8.484, 3.296, 0.0, 0.0, 0.0
0.0, 0.001, 1.001, -9.949, 8.759, 3.326, 0.0, 0.0, 0.0
-0.063, 0.001, 0.934, -9.674, 8.484, 3.448, 0.0, 0.0, 0.0
-0.063, 0.002, 1.006, -9.003, 8.392, 3.387, 0.0, 0.0, 0.0
0.0, 0.001, 1.008, -9.064, 8.484, 3.265, 0.0, 0.0, 0.0
-0.063, 0.0, 0.937, -9.125, 8.423, 3.357, 0.0, 0.0, 0.0
-0.064, 0.0, 1.007, -8.972, 8.331, 3.326, 0.0, 0.0, 0.0
0.0, 0.0, 1.004, -8.942, 8.331, 3.296, 0.0, 0.0, 0.0
-0.064, -0.063, 1.004, -9.003, 8.453, 3.357, 0.0, 0.0, 0.0
-0.063, 0.0, 1.006, -9.003, 8.392, 3.601, 0.0, 0.0, 0.0
0.001, -0.064, 1.005, -9.094, 8.301, 3.326, 0.0, 0.0, 0.0
-0.063, 0.001, 1.004, -8.911, 8.24, 3.357, 0.0, 0.0, 0.0
0.0, -0.063, 1.005, -9.033, 8.362, 3.326, 0.0, 0.0, 0.0
-0.063, -0.064, 1.006, -9.003, 8.392, 3.326, 0.0, 0.0, 0.0
0.001, 0.001, 1.007, -8.972, 8.27, 3.296, 0.0, 0.0, 0.0
0.0, 0.0, 1.006, -9.064, 8.331, 3.265, 0.0, 0.0, 0.0
0.0, 0.0, 1.006, -9.094, 8.301, 3.418, 0.0, 0.0, 0.0
-0.064, 0.0, 1.006, -9.033, 8.392, 3.265, 0.0, 0.0, 0.0
-0.063, 0.0, 1.006, -8.85, 8.27, 3.296, 0.0, 0.0, 0.0
-0.064, 0.0, 1.004, -8.667, 8.331, 3.387, 0.0, 0.0, 0.0
-0.063, -0.063, 1.014, -8.911, 8.27, 3.418, 0.0, 0.0, 0.0
0.0, 0.0, 0.937, -9.369, 8.453, 3.326, 0.0, 0.0, 0.0
-0.063, -0.063, 1.004, -9.094, 8.179, 3.326, 0.0, 0.0, 0.0
-0.063, 0.001, 1.009, -9.033, 8.392, 3.296, 0.0, 0.0, 0.0
-0.063, 0.0, 1.001, -9.003, 8.392, 3.387, 0.0, 0.0, 0.0
-0.064, 0.001, 1.002, -8.667, 8.392, 3.296, 0.0, 0.0, 0.0
-0.063, 0.001, 1.013, -8.667, 8.057, 3.204, 0.0, 0.0, 0.0
0.001, 0.0, 1.005, -9.125, 8.331, 3.235, 0.0, 0.0, 0.0
-0.065, 0.0, 1.002, -9.125, 8.453, 3.326, 0.0, 0.0, 0.0
0.001, -0.063, 1.01, -8.942, 8.24, 3.448, 0.0, 0.0, 0.0
-0.063, -0.063, 1.007, -8.972, 8.423, 3.387, 0.0, 0.0, 0.0
-0.065, 0.001, 1.001, -9.155, 8.453, 3.265, 0.0, 0.0, 0.0
-0.064, 0.0, 1.008, -8.911, 8.423, 3.174, 0.0, 0.0, 0.0
-0.064, 0.0, 1.005, -9.033, 8.362, 3.357, 0.0, 0.0, 0.0
-0.063, 0.001, 1.003, -8.881, 8.331, 3.296, 0.0, 0.0, 0.0
0.0, -0.063, 1.007, -9.033, 8.301, 3.296, 0.0, 0.0, 0.0
-0.063, 0.001, 1.005, -9.064, 8.484, 3.265, 0.0, 0.0, 0.0
-0.063, 0.001, 1.005, -8.972, 8.545, 3.326, 0.0, 0.0, 0.0
0.002, 0.001, 1.006, -8.942, 8.453, 3.296, 0.0, 0.0, 0.0
0.0, 0.0, 1.007, -8.789, 8.453, 3.235, 0.0, 0.0, 0.0
0.0, 0.001, 1.005, -8.881, 8.453, 3.265, 0.0, 0.0, 0.0
-0.063, -0.063, 1.006, -8.942, 8.331, 3.204, 0.0, 0.0, 0.0
-0.064, -0.063, 1.009, -8.881, 8.362, 3.296, 0.0, 0.0, 0.0
-0.063, 0.001, 1.004, -9.064, 8.24, 3.113, 0.0, 0.0, 0.0
0.0, 0.0, 1.006, -9.003, 8.301, 3.113, 0.0, 0.0, 0.0
0.0, -0.063, 1.006, -8.972, 8.362, 3.357, 0.0, 0.0, 0.0
-0.064, 0.0, 1.005, -9.064, 8.453, 3.357, 0.0, 0.0, 0.0
0.0, -0.063, 1.007, -8.942, 8.392, 3.326, 0.0, 0.0, 0.0
-0.064, -0.063, 1.006, -8.82, 8.301, 3.326, 0.0, 0.0, 0.0
-0.064, -0.064, 1.004, -8.972, 8.392, 3.357, 0.0, 0.0, 0.0
-0.063, -0.063, 1.006, -9.003, 8.301, 3.326, 0.0, 0.0, 0.0
-0.063, 0.001, 1.006, -9.033, 8.484, 3.326, 0.0, 0.0, 0.0
0.001, -0.063, 1.005, -9.033, 8.392, 3.326, 0.0, 0.0, 0.0
-0.063, -0.064, 1.006, -9.064, 8.392, 3.296, 0.0, 0.0, 0.0
-0.063, -0.063, 1.005, -8.85, 8.423, 3.387, 0.0, 0.0, 0.0
-0.063, 0.0, 1.004, -8.972, 8.331, 3.357, 0.0, 0.0, 0.0
0.0, 0.0, 1.007, -9.064, 8.392, 3.204, 0.0, 0.0, 0.0
0.0, 0.001, 1.005, -8.911, 8.423, 3.204, 0.0, 0.0, 0.0
-0.063, -0.063, 1.004, -8.698, 8.27, 2.991, 0.0, 0.0, 0.0
0.0, -0.063, 1.008, -8.85, 8.392, 3.357, 0.0, 0.0, 0.0
-0.064, 0.0, 1.004, -9.033, 8.484, 3.387, 0.0, 0.0, 0.0
-0.064, 0.0, 1.004, -8.85, 8.362, 3.296, 0.0, 0.0, 0.0
-0.063, 0.0, 1.007, -8.881, 8.362, 3.326, 0.0, 0.0, 0.0
-0.064, 0.0, 1.007, -9.033, 8.514, 3.357, 0.0, 0.0, 0.0
0.001, -0.064, 1.003, -9.094, 8.392, 3.326, 0.0, 0.0, 0.0
-0.065, 0.001, 1.005, -8.942, 8.606, 3.418, 0.0, 0.0, 0.0
-0.063, -0.063, 1.005, -9.033, 8.484, 3.265, 0.0, 0.0, 0.0
-0.065, 0.0, 1.005, -9.033, 8.331, 3.357, 0.0, 0.0, 0.0
-0.063, 0.002, 1.006, -8.911, 8.362, 3.357, 0.0, 0.0, 0.0
-0.063, -0.063, 1.004, -8.911, 8.301, 3.357, 0.0, 0.0, 0.0
-0.063, 0.0, 1.005, -9.003, 8.362, 3.418, 0.0, 0.0, 0.0
-0.063, -0.063, 1.007, -8.972, 8.392, 3.418, 0.0, 0.0, 0.0
0.001, 0.0, 1.005, -9.125, 8.362, 3.418, 0.0, 0.0, 0.0
-0.063, 0.0, 1.004, -9.033, 8.423, 3.418, 0.0, 0.0, 0.0
-0.063, 0.0, 1.006, -9.003, 8.331, 3.326, 0.0, 0.0, 0.0
-0.064, 0.001, 1.005, -9.003, 8.392, 3.265, 0.0, 0.0, 0.0
-0.063, -0.063, 1.006, -9.064, 8.514, 3.357, 0.0, 0.0, 0.0
0.0, 0.0, 1.006, -9.033, 8.484, 3.296, 0.0, 0.0, 0.0
0.0, -0.063, 1.005, -9.094, 8.423, 3.296, 0.0, 0.0, 0.0
-0.064, 0.001, 1.005, -9.003, 8.484, 3.326, 0.0, 0.0, 0.0
0.0, 0.0, 1.007, -9.064, 8.453, 3.235, 0.0, 0.0, 0.0
0.001, -0.063, 1.006, -9.155, 8.331, 3.418, 0.0, 0.0, 0.0
-0.063, 0.0, 1.006, -9.125, 8.331, 3.357, 0.0, 0.0, 0.0
0.0, -0.063, 1.005, -8.911, 8.27, 3.265, 0.0, 0.0, 0.0
-0.063, -0.065, 1.004, -8.911, 8.362, 3.387, 0.0, 0.0, 0.0
-0.064, 0.001, 1.005, -8.789, 8.453, 3.448, 0.0, 0.0, 0.0
-0.065, 0.0, 1.004, -8.82, 8.484, 3.418, 0.0, 0.0, 0.0
-0.063, -0.063, 1.003, -8.759, 8.301, 3.296, 0.0, 0.0, 0.0
-0.063, 0.0, 1.005, -8.575, 8.331, 3.265, 0.0, 0.0, 0.0
-0.064, 0.0, 0.927, -8.148, 8.331, 3.296, 0.0, 0.0, 0.0
-0.065, 0.0, 0.973, -8.331, 8.057, 3.296, 0.0, 0.0, 0.0
0.003, -0.064, 0.932, -9.766, 8.698, 3.296, 0.0, 0.0, 0.0
-0.067, 0.001, 0.931, -9.125, 8.484, 3.235, 0.0, 0.0, 0.0
0.001, -0.063, 1.013, -8.392, 7.935, 3.204, 0.0, 0.0, 0.0
-0.063, -0.063, 1.011, -8.667, 8.118, 3.204, 0.0, 0.0, 0.0
-0.065, 0.001, 0.935, -9.216, 8.148, 3.265, 0.0, 0.0, 0.0
-0.064, 0.001, 1.01, -8.728, 8.24, 3.143, 0.0, 0.0, 0.0
-0.063, -0.063, 1.008, -8.911, 8.24, 3.296, 0.0, 0.0, 0.0
-0.065, -0.063, 0.937, -9.064, 8.514, 3.326, 0.0, 0.0, 0.0
-0.064, 0.001, 1.01, -9.033, 8.087, 3.326, 0.0, 0.0, 0.0
-0.064, 0.0, 1.006, -9.094, 8.423, 3.418, 0.0, 0.0, 0.0
-0.065, 0.0, 1.005, -9.155, 8.453, 3.357, 0.0, 0.0, 0.0
-0.064, 0.0, 1.006, -9.094, 8.362, 3.357, 0.0, 0.0, 0.0
-0.063, -0.065, 1.008, -9.094, 8.331, 3.265, 0.0, 0.0, 0.0
-0.063, 0.001, 1.006, -9.125, 8.484, 3.265, 0.0, 0.0, 0.0
-0.069, 0.001, 0.936, -9.003, 8.545, 3.265, 0.0, 0.0, 0.0
-0.065, 0.001, 1.016, -8.85, 7.996, 3.326, 0.0, 0.0, 0.0
0.005, -0.063, 1.001, -9.155, 8.24, 3.265, 0.0, 0.0, 0.0
-0.065, 0.001, 1.004, -9.003, 8.484, 3.357, 0.0, 0.0, 0.0
0.003, 0.001, 1.006, -9.003, 8.698, 3.296, 0.0, 0.0, 0.0
-0.065, 0.002, 1.006, -9.033, 8.27, 3.235, 0.0, 0.0, 0.0
0.0, 0.0, 1.007, -9.033, 8.453, 3.448, 0.0, 0.0, 0.0
-0.064, 0.002, 1.007, -9.033, 8.392, 3.326, 0.0, 0.0, 0.0
0.0, -0.063, 1.002, -9.125, 8.392, 3.387, 0.0, 0.0, 0.0
-0.063, -0.063, 1.008, -9.003, 8.484, 3.571, 0.0, 0.0, 0.0
0.0, -0.063, 1.004, -9.216, 8.331, 3.448, 0.0, 0.0, 0.0
0.0, 0.0, 1.004, -9.155, 8.392, 3.387, 0.0, 0.0, 0.0
-0.064, -0.063, 1.007, -8.911, 8.514, 3.296, 0.0, 0.0, 0.0
-0.063, -0.063, 1.006, -9.033, 8.24, 3.296, 0.0, 0.0, 0.0
0.0, -0.063, 1.005, -8.942, 8.24, 3.235, 0.0, 0.0, 0.0
-0.064, 0.0, 1.005, -8.881, 8.362, 3.326, 0.0, 0.0, 0.0
0.0, 0.0, 1.007, -9.003, 8.392, 3.326, 0.0, 0.0, 0.0
-0.063, 0.0, 1.005, -8.85, 8.362, 3.387, 0.0, 0.0, 0.0
-0.063, -0.063, 1.005, -8.911, 8.423, 3.296, 0.0, 0.0, 0.0
0.0, -0.063, 1.005, -8.85, 8.331, 3.265, 0.0, 0.0, 0.0
0.0, 0.0, 1.005, -9.033, 8.484, 3.326, 0.0, 0.0, 0.0
0.0, 0.0, 1.004, -8.911, 8.545, 3.326, 0.0, 0.0, 0.0
-0.063, -0.063, 1.005, -8.881, 8.453, 3.326, 0.0, 0.0, 0.0
-0.063, -0.063, 1.005, -9.064, 8.423, 3.235, 0.0, 0.0, 0.0
-0.064, -0.063, 1.004, -9.033, 8.423, 3.265, 0.0, 0.0, 0.0
-0.063, 0.002, 1.006, -9.155, 8.514, 3.357, 0.0, 0.0, 0.0
-0.063, -0.063, 1.005, -9.033, 8.301, 3.326, 0.0, 0.0, 0.0
-0.064, -0.063, 1.005, -9.064, 8.148, 3.296, 0.0, 0.0, 0.0
0.0, -0.063, 1.006, -9.003, 8.331, 3.51, 0.0, 0.0, 0.0
-0.063, -0.063, 1.006, -9.064, 8.362, 3.296, 0.0, 0.0, 0.0
-0.064, -0.063, 1.007, -8.942, 8.453, 3.448, 0.0, 0.0, 0.0
0.0, 0.001, 1.004, -8.911, 8.331, 3.326, 0.0, 0.0, 0.0
-0.063, -0.063, 1.006, -8.942, 8.331, 3.448, 0.0, 0.0, 0.0
-0.063, -0.063, 1.006, -9.094, 8.301, 3.265, 0.0, 0.0, 0.0
-0.064, -0.063, 1.006, -9.094, 8.331, 3.326, 0.0, 0.0, 0.0
-0.063, 0.0, 1.006, -9.064, 8.423, 3.296, 0.0, 0.0, 0.0
0.0, 0.0, 1.005, -9.125, 8.362, 3.204, 0.0, 0.0, 0.0
0.0, 0.001, 1.004, -8.972, 8.27, 3.235, 0.0, 0.0, 0.0
-0.063, 0.001, 1.006, -8.881, 8.392, 3.265, 0.0, 0.0, 0.0
-0.064, 0.001, 1.005, -9.003, 8.301, 3.296, 0.0, 0.0, 0.0
-0.065, 0.0, 1.004, -9.064, 8.392, 3.357, 0.0, 0.0, 0.0
-0.064, -0.063, 1.005, -9.003, 8.301, 3.265, 0.0, 0.0, 0.0
-0.063, 0.001, 1.004, -9.033, 8.362, 3.326, 0.0, 0.0, 0.0
-0.063, -0.064, 1.004, -9.094, 8.392, 3.235, 0.0, 0.0, 0.0
-0.063, 0.0, 1.006, -9.003, 8.484, 3.265, 0.0, 0.0, 0.0
-0.063, 0.001, 1.005, -8.911, 8.453, 3.326, 0.0, 0.0, 0.0
0.0, 0.0, 1.006, -8.881, 8.362, 3.265, 0.0, 0.0, 0.0
-0.063, 0.001, 1.005, -8.942, 8.453, 3.296, 0.0, 0.0, 0.0
-0.063, -0.063, 1.005, -8.942, 8.392, 3.265, 0.0, 0.0, 0.0
-0.064, 0.001, 1.005, -8.85, 8.301, 3.296, 0.0, 0.0, 0.0
-0.064, 0.0, 1.006, -8.972, 8.423, 3.357, 0.0, 0.0, 0.0
-0.065, -0.063, 1.005, -9.033, 8.301, 3.357, 0.0, 0.0, 0.0
-0.064, -0.063, 1.004, -8.911, 8.423, 3.479, 0.0, 0.0, 0.0
0.0, -0.063, 1.004, -8.911, 8.453, 3.387, 0.0, 0.0, 0.0
-0.063, 0.0, 1.005, -9.033, 8.423, 3.387, 0.0, 0.0, 0.0
0.0, 0.001, 1.005, -9.094, 8.331, 3.387, 0.0, 0.0, 0.0
-0.063, -0.063, 1.005, -9.064, 8.27, 3.387, 0.0, 0.0, 0.0
-0.063, 0.0, 1.006, -9.003, 8.392, 3.326, 0.0, 0.0, 0.0
-0.064, 0.0, 1.006, -8.911, 8.331, 3.387, 0.0, 0.0, 0.0
0.0, -0.064, 1.006, -8.881, 8.27, 3.265, 0.0, 0.0, 0.0
-0.063, -0.063, 1.004, -8.972, 8.423, 3.235, 0.0, 0.0, 0.0
-0.065, 0.001, 1.006, -8.85, 8.514, 3.174, 0.0, 0.0, 0.0
-0.063, 0.001, 1.005, -9.003, 8.392, 3.296, 0.0, 0.0, 0.0
-0.064, 0.0, 1.005, -9.094, 8.27, 3.235, 0.0, 0.0, 0.0
-0.063, 0.0, 1.006, -8.942, 8.24, 3.387, 0.0, 0.0, 0.0
-0.063, -0.064, 1.004, -8.698, 8.362, 3.113, 0.0, 0.0, 0.0
-0.064, 0.0, 1.006, -8.942, 8.453, 3.418, 0.0, 0.0, 0.0
0.0, 0.0, 1.006, -9.125, 8.27, 3.357, 0.0, 0.0, 0.0
-0.063, 0.0, 1.005, -8.911, 8.362, 3.326, 0.0, 0.0, 0.0
-0.063, 0.0, 1.006, -9.064, 8.331, 3.357, 0.0, 0.0, 0.0
0.0, 0.0, 1.007, -9.064, 8.331, 3.204, 0.0, 0.0, 0.0
-0.063, 0.0, 1.006, -9.033, 8.423, 3.235, 0.0, 0.0, 0.0
-0.063, -0.063, 1.004, -8.881, 8.453, 3.326, 0.0, 0.0, 0.0
0.0, -0.063, 1.005, -9.094, 8.331, 3.204, 0.0, 0.0, 0.0
0.0, -0.063, 1.005, -9.155, 8.392, 3.174, 0.0, 0.0, 0.0
-0.063, 0.001, 1.005, -9.064, 8.423, 3.235, 0.0, 0.0, 0.0
-0.063, -0.063, 1.006, -9.064, 8.362, 3.357, 0.0, 0.0, 0.0
-0.063, 0.003, 1.004, -9.003, 8.453, 3.357, 0.0, 0.0, 0.0
-0.063, -0.064, 1.006, -8.85, 8.514, 3.174, 0.0, 0.0, 0.0
-0.063, 0.0, 1.004, -8.82, 8.453, 3.265, 0.0, 0.0, 0.0
-0.064, -0.064, 1.006, -9.003, 8.545, 3.357, 0.0, 0.0, 0.0
0.0, -0.063, 1.006, -9.003, 8.484, 3.235, 0.0, 0.0, 0.0
-0.064, -0.063, 1.005, -9.033, 8.301, 3.235, 0.0, 0.0, 0.0
-0.063, 0.001, 1.005, -9.155, 8.179, 3.326, 0.0, 0.0, 0.0
-0.063, 0.001, 1.004, -9.094, 8.362, 3.479, 0.0, 0.0, 0.0
-0.064, -0.064, 1.004, -9.094, 8.392, 3.418, 0.0, 0.0, 0.0
-0.063, 0.0, 1.005, -8.972, 8.423, 3.357, 0.0, 0.0, 0.0
-0.063, 0.0, 1.005, -9.033, 8.301, 3.448, 0.0, 0.0, 0.0
0.001, 0.0, 1.004, -8.972, 8.301, 3.326, 0.0, 0.0, 0.0
-0.064, 0.001, 1.005, -8.972, 8.392, 3.326, 0.0, 0.0, 0.0
0.0, 0.002, 1.005, -9.094, 8.392, 3.296, 0.0, 0.0, 0.0
-0.065, 0.0, 1.005, -8.972, 8.27, 3.265, 0.0, 0.0, 0.0
0.0, 0.001, 1.006, -8.881, 8.27, 3.296, 0.0, 0.0, 0.0
0.0, 0.0, 1.005, -8.911, 8.24, 3.265, 0.0, 0.0, 0.0
-0.063, 0.001, 1.004, -8.972, 8.423, 3.204, 0.0, 0.0, 0.0
0.001, 0.001, 1.005, -8.942, 8.301, 3.204, 0.0, 0.0, 0.0
-0.063, 0.001, 1.005, -8.881, 8.301, 3.235, 0.0, 0.0, 0.0
-0.063, -0.063, 1.006, -9.064, 8.331, 3.296, 0.0, 0.0, 0.0
-0.063, 0.001, 1.006, -9.033, 8.362, 3.113, 0.0, 0.0, 0.0
-0.064, -0.063, 1.007, -9.064, 8.179, 3.357, 0.0, 0.0, 0.0
-0.063, 0.0, 1.005, -9.064, 8.24, 3.326, 0.0, 0.0, 0.0
-0.063, -0.063, 1.007, -9.003, 8.331, 3.418, 0.0, 0.0, 0.0
0.001, 0.001, 1.005, -8.972, 8.392, 3.418, 0.0, 0.0, 0.0
-0.063, 0.002, 1.007, -8.881, 8.392, 3.265, 0.0, 0.0, 0.0
-0.063, 0.001, 1.004, -8.911, 8.362, 3.296, 0.0, 0.0, 0.0