0.009
0.079
0.104
0.042
-0.013
0.0
0.067
0.049
0.068
0.076
0.06
0.091
0.146
0.137
0.128
0.121
0.135
0.152
0.21
0.227
0.263
0.211
0.215
0.254
0.317
0.297
0.276
0.331
0.318
0.307
0.357
0.341
0.345
0.342
0.363
0.354
0.355
0.34
0.381
0.368
0.385
0.413
0.354
0.366
0.41
0.402
0.393
0.341
0.392
0.478
0.484
0.485
0.446
0.478
0.503
0.041
0.04
0.028
0.065
0.099
0.126
0.083
0.127
0.11
0.113
0.042
0.056
0.062
0.084
0.01
0.027
0.102
0.159
0.122
0.108
0.076
0.044
0.069
0.055
0.044
0.056
0.054
0.065
0.122
0.173
0.198
0.214
0.224
0.237
0.241
0.266
0.301
0.292
0.275
0.24
0.266
0.296
0.306
0.289
0.293
0.31
0.308
0.323
0.35
0.346
0.367
0.398
0.407
0.39
0.395
