-0.023
-0.046
-0.067
-0.008
0.035
0.015
-0.066
0.022
-0.086
0.02
-0.042
-0.087
-0.083
-0.11
-0.075
-0.104
-0.115
-0.06
-0.062
-0.061
-0.071
-0.046
-0.029
-0.029
-0.036
-0.02
0.008
-0.021
-0.023
0.019
0.013
0.032
0.049
0.053
0.05
0.031
0.049
0.042
0.03
0.054
0.071
0.062
0.054
0.04
0.076
0.091
0.113
0.104
0.131
0.086
0.094
0.127
0.124
0.133
0.134
0.142
0.137
0.176
0.185
0.206
0.166
0.156
0.154
0.151
0.154
0.205
0.209
0.182
0.201
0.211
0.24
0.254
0.272
0.281
0.299
0.287
0.288
0.249
0.261
0.287
0.278
