0.002
-0.011
-0.015
-0.01
0.007
-0.005
0.005
-0.008
-0.035
-0.037
-0.012
-0.018
0.008
0.007
0.001
-0.017
-0.008
-0.015
-0.009
-0.021
-0.02
-0.017
-0.016
-0.016
-0.02
-0.016
-0.017
-0.01
-0.034
-0.032
-0.02
0.007
0.007
-0.016
0.034
0.097
-0.056
-0.151
-0.097
-0.004
0.04
0.062
0.053
-0.022
-0.05
-0.067
-0.049
-0.012
-0.178
-0.076
-0.113
-0.166
-0.284
-0.28
-0.295
-0.335
-0.266
-0.167
-0.13
-0.056
-0.09
-0.112
-0.067
-0.06
-0.035
-0.017
-0.02
0.119
0.128
0.184
0.27
0.205
0.064
0.131
0.175
0.321
0.291
0.377
0.381
0.375
0.384
