-0.018
0.047
0.03
0.017
0.015
0.017
-0.035
-0.04
0.035
0.039
0.085
0.13
0.158
0.172
0.107
0.071
0.018
0.09
0.078
0.017
0.068
0.087
0.133
0.149
0.067
0.052
0.034
0.073
0.188
0.246
0.255
0.253
0.196
0.072
0.056
0.246
0.267
0.151
0.185
0.174
0.142
0.174
0.236
0.167
0.013
0.122
0.06
0.004
-0.025
0.006
-0.042
-0.094
-0.045
-0.028
-0.055
-0.107
-0.122
0.002
0.083
0.105
0.104
0.089
0.088
0.156
0.222
0.076
0.063
0.061
0.0
-0.011
0.024
0.054
-0.038
-0.043
0.035
0.262
0.397
0.241
0.088
-0.036
0.002
0.205
0.27
0.227
0.117
0.01
0.002
0.011
0.023
0.074
0.072
0.045
0.04
0.052
0.057
0.022
-0.026
0.023
0.08
0.043
0.053
0.028
0.02
0.026
-0.02
-0.009
0.025
0.057
0.046
0.038
0.063
0.099
0.09
0.071
0.059
0.049
0.038
0.035
0.02
-0.005
0.008
0.044
0.047
0.024
0.034
0.024
