0.489
0.52
0.462
0.478
0.462
0.439
0.482
0.571
0.509
0.532
0.566
0.605
0.599
0.566
0.547
0.514
0.518
0.461
0.44
0.443
0.429
0.314
0.285
0.293
0.289
0.245
0.209
0.122
0.107
0.135
0.097
0.072
0.026
-0.021
-0.002
0.037
0.033
-0.001
0.069
0.098
0.057
0.055
0.206
0.153
0.216
0.134
0.039
0.051
0.044
0.086
0.097
0.074
0.099
-0.001
0.004
-0.058
-0.044
-0.024
-0.036
-0.013
-0.011
-0.013
-0.015
-0.032
-0.034
-0.032
-0.015
-0.014
-0.012
-0.014
-0.016
-0.032
-0.015
-0.032
-0.015
-0.014
-0.015
-0.015
-0.015
-0.032
-0.016
-0.157
-0.193
-0.205
-0.184
-0.208
-0.232
-0.199
-0.169
-0.193
-0.243
-0.222
-0.113
-0.025
-0.004
0.047
0.11
0.174
0.211
0.214
0.278
0.317
0.369
0.416
0.439
0.419
0.408
0.432
0.465
