-0.237
-0.238
-0.224
-0.226
-0.196
-0.203
-0.213
-0.229
-0.271
-0.246
-0.239
-0.227
-0.23
-0.252
-0.27
-0.267
-0.23
-0.207
-0.222
-0.243
-0.274
-0.272
-0.244
-0.313
-0.288
-0.205
-0.154
-0.243
-0.245
-0.165
-0.068
-0.033
-0.095
-0.093
-0.042
0.002
-0.005
0.003
0.044
0.055
0.012
-0.038
0.025
0.162
0.125
0.102
0.1
0.058
0.029
0.1
0.154
0.209
0.143
0.029
0.015
0.039
0.03
-0.001
0.037
0.105
-0.159
0.096
0.013
-0.007
-0.054
-0.033
-0.037
-0.037
0.005
-0.014
-0.037
-0.014
-0.034
-0.031
-0.034
-0.21
-0.075
-0.034
-0.012
-0.109
-0.127
-0.128
-0.129
-0.149
-0.162
-0.102
-0.082
-0.081
-0.093
-0.057
-0.075
-0.089
-0.144
-0.138
-0.128
-0.143
-0.119
-0.086
-0.094
-0.118
-0.118
-0.124
-0.149
-0.151
-0.189
-0.184
-0.146
-0.12
-0.158
-0.132
-0.06
-0.094
-0.111
-0.133
