0.023
0.054
0.055
0.013
0.017
0.034
0.041
0.068
0.065
0.057
0.08
0.079
0.071
0.089
0.092
0.097
0.101
0.074
0.098
0.087
0.095
0.079
0.056
0.083
0.082
0.072
0.08
0.044
0.022
-0.034
-0.036
-0.009
0.01
0.016
-0.002
-0.005
0.017
0.022
0.005
0.0
-0.021
0.004
-0.002
0.001
-0.029
-0.047
-0.014
-0.004
-0.019
-0.036
-0.011
-0.022
-0.008
-0.034
-0.028
-0.052
-0.029
-0.038
-0.026
-0.058
-0.06
-0.044
-0.069
-0.058
-0.046
-0.064
-0.041
-0.047
-0.084
-0.095
-0.063
-0.034
-0.07
-0.133
-0.17
-0.173
-0.147
-0.101
-0.055
-0.071
-0.115
-0.115
-0.116
-0.13
-0.157
-0.15
-0.133
-0.143
-0.139
-0.15
-0.19
-0.171
-0.164
-0.121
-0.126
-0.112
-0.079
-0.062
-0.113
-0.097
-0.086
-0.162
-0.188
-0.161
-0.117
-0.133
-0.136
-0.114
-0.084
-0.104
-0.173
-0.189
-0.137
-0.126
-0.173
-0.241
-0.252
-0.22
-0.237
-0.258
-0.303
-0.314
-0.307
-0.233
-0.181
-0.273
-0.24
-0.207
-0.221
-0.266
-0.328
-0.248
-0.194
-0.248
-0.33
-0.316
-0.278
-0.289
-0.349
-0.343
-0.327
-0.397
-0.415
-0.395
-0.344
