0.007
-0.021
0.011
0.01
-0.017
-0.007
0.096
0.047
0.063
0.068
0.052
0.076
0.08
0.087
0.097
0.078
0.075
0.096
0.072
0.074
0.093
0.099
0.083
0.082
0.085
0.067
0.07
0.101
0.115
0.064
0.004
0.005
-0.003
0.019
0.02
0.024
0.048
0.038
0.021
-0.003
0.036
0.038
-0.006
-0.014
-0.021
0.005
-0.01
-0.032
0.005
0.007
-0.022
-0.019
0.017
0.038
0.022
0.008
-0.036
-0.027
-0.023
-0.037
-0.064
-0.06
-0.043
-0.04
-0.056
-0.083
-0.026
-0.033
-0.041
-0.071
-0.093
-0.115
-0.12
-0.122
-0.143
-0.146
-0.12
-0.129
-0.122
-0.128
-0.107
-0.129
-0.13
-0.131
-0.113
-0.128
-0.145
-0.132
-0.117
-0.119
-0.134
-0.149
-0.154
