-0.082
-0.098
-0.102
-0.076
-0.106
0.125
-0.291
-0.005
0.216
0.233
0.158
0.125
0.108
0.148
0.059
0.034
0.038
0.059
0.074
0.087
0.109
0.158
0.192
0.185
0.214
0.272
0.283
0.278
0.306
0.344
0.36
0.354
0.389
0.39
0.369
0.371
0.401
0.425
0.409
0.322
0.296
0.279
0.299
0.287
0.288
0.273
0.249
0.284
0.298
0.232
0.22
0.195
0.132
0.043
-0.036
0.008
-0.001
0.023
0.036
0.017
0.022
0.003
-0.031
0.11
0.071
0.021
0.0
-0.013
0.034
0.026
0.021
-0.019
-0.053
-0.033
0.041
-0.006
-0.083
-0.075
-0.074
0.016
0.031
-0.005
0.014
0.096
0.12
0.122
0.175
0.155
0.212
0.284
0.296
0.328
0.325
0.3
0.313
0.297
0.327
0.332
0.291
0.295
0.335
0.334
0.294
0.299
0.312
0.344
0.35
0.339
0.374
0.37
