-0.041
-0.01
0.031
0.001
-0.031
-0.066
-0.055
-0.087
-0.038
-0.032
-0.075
-0.129
-0.097
-0.064
-0.052
-0.07
-0.068
-0.058
-0.079
-0.06
-0.036
-0.054
-0.038
-0.021
-0.014
0.003
0.007
-0.008
0.003
0.0
0.019
0.022
0.0
-0.019
0.005
0.007
-0.003
0.012
0.033
-0.002
0.017
0.02
0.003
0.022
0.008
-0.006
0.019
-0.003
0.025
0.036
0.021
0.034
0.039
0.049
0.048
0.043
0.027
0.025
0.022
0.011
0.046
0.047
0.009
0.017
0.008
-0.003
0.047
0.064
0.049
0.038
0.038
0.058
0.098
0.025
-0.007
0.023
0.042
0.065
0.076
0.129
0.146
0.109
0.091
0.09
0.127
0.118
0.108
0.107
0.123
0.146
0.123
0.105
