0.003
-0.017
-0.027
-0.001
-0.065
-0.014
-0.094
-0.063
-0.1
-0.1
-0.048
-0.071
-0.075
-0.078
-0.096
-0.068
-0.06
-0.045
-0.024
-0.014
-0.025
-0.044
-0.041
-0.067
-0.048
-0.013
-0.054
-0.034
-0.027
-0.034
0.001
-0.008
-0.013
-0.065
-0.04
-0.02
0.065
-0.002
0.022
0.035
0.021
0.001
0.02
0.015
0.016
0.039
0.026
0.024
0.014
0.034
0.016
0.033
0.01
0.023
0.047
0.044
0.036
0.013
0.05
0.03
0.048
0.061
0.045
0.035
0.032
0.039
0.069
0.056
0.041
0.044
0.055
0.047
0.028
0.07
0.079
0.071
0.059
0.075
0.092
0.098
0.055
0.083
0.111
0.079
0.071
0.1
0.12
0.133
0.107
0.126
0.159
0.134
0.146
0.163
0.139
0.113
0.075
0.106
0.153
