0.327
0.262
0.259
0.253
0.105
-0.008
-0.106
-0.203
-0.287
-0.341
-0.31
-0.262
-0.287
-0.277
-0.271
-0.256
-0.205
-0.101
-0.066
-0.024
-0.021
0.036
-0.022
0.034
0.031
-0.015
-0.054
-0.046
-0.037
0.017
-0.018
-0.03
-0.051
-0.015
-0.01
-0.019
-0.038
-0.055
-0.046
-0.079
-0.03
-0.024
-0.058
-0.112
-0.087
-0.06
-0.016
-0.015
0.002
-0.052
-0.027
-0.04
-0.102
-0.107
-0.113
-0.148
-0.131
-0.147
-0.108
-0.066
-0.066
-0.073
-0.082
-0.094
-0.105
-0.07
0.061
0.142
0.149
0.155
0.2
0.242
0.253
0.246
0.265
0.26
0.297
0.317
0.276
0.288
0.28
0.346
0.335
0.282
0.258
