0.096
0.099
0.047
-0.022
-0.073
-0.155
-0.133
-0.198
-0.245
-0.222
-0.164
-0.189
-0.118
-0.186
-0.35
-0.324
-0.238
-0.178
-0.089
-0.087
-0.1
-0.036
0.03
-0.025
-0.072
-0.051
-0.02
-0.03
-0.053
-0.029
0.011
0.04
-0.029
-0.019
0.028
-0.026
0.028
0.046
0.023
0.157
0.142
0.009
-0.001
0.041
0.114
0.076
0.045
0.028
0.076
0.15
0.103
0.026
0.016
0.072
0.165
0.056
0.037
-0.011
0.02
0.029
0.002
0.049
0.021
-0.022
-0.073
0.038
0.096
-0.161
-0.062
0.119
0.054
-0.007
0.004
0.025
0.164
0.098
0.015
0.081
0.108
0.025
-0.111
-0.106
0.001
0.1
-0.018
-0.091
0.001
0.07
0.026
-0.036
0.015
0.065
