-0.011
0.003
0.025
0.019
-0.035
-0.011
-0.014
-0.058
0.046
0.074
0.076
-0.002
-0.024
0.023
0.01
0.016
0.098
0.016
-0.083
-0.114
-0.045
-0.062
0.007
-0.083
-0.117
-0.103
-0.123
-0.08
-0.054
-0.071
-0.092
-0.086
-0.026
0.037
-0.022
-0.098
-0.111
-0.024
0.011
0.001
-0.041
-0.008
-0.011
0.01
0.007
-0.058
-0.04
-0.001
0.006
-0.013
-0.025
-0.007
0.021
-0.007
0.005
0.068
0.015
-0.015
-0.02
-0.014
-0.043
-0.038
0.02
0.059
0.092
0.104
0.084
0.047
0.038
-0.021
-0.043
0.017
0.081
-0.016
-0.049
-0.035
-0.13
-0.17
-0.089
0.033
-0.009
-0.102
-0.143
-0.113
-0.025
0.023
-0.031
-0.09
-0.087
-0.08
-0.079
-0.098
-0.085
