0.093
0.056
0.121
0.134
0.106
0.035
0.022
-0.065
-0.113
-0.1
-0.026
-0.035
-0.08
-0.102
-0.096
-0.014
-0.073
-0.15
-0.106
-0.061
-0.062
-0.117
-0.059
-0.021
-0.025
-0.193
-0.178
-0.101
0.043
-0.064
-0.218
-0.22
-0.048
-0.01
-0.032
-0.117
-0.077
-0.039
-0.041
-0.072
-0.141
-0.172
-0.165
-0.248
-0.234
-0.22
-0.182
-0.163
-0.175
-0.17
-0.157
-0.117
-0.07
0.021
0.032
0.125
0.047
-0.131
-0.146
-0.012
0.026
-0.015
-0.076
-0.101
-0.127
-0.032
-0.063
-0.181
-0.247
-0.198
-0.246
-0.216
-0.111
-0.133
-0.116
0.097
0.14
0.125
-0.005
-0.013
-0.022
0.049
0.07
-0.023
-0.114
-0.133
-0.039
0.091
-0.008
-0.106
-0.094
-0.111
-0.091
-0.116
-0.112
-0.134
-0.062
-0.009
-0.071
-0.097
-0.073
-0.057
-0.08
-0.141
-0.119
-0.046
-0.037
-0.086
-0.134
-0.121
-0.067
-0.082
-0.071
-0.096
-0.091
-0.087
-0.119
