0.203
0.227
0.241
0.121
0.013
0.005
0.046
0.053
0.048
0.077
0.145
0.105
0.109
0.149
0.178
0.178
0.147
0.139
0.154
0.203
0.216
0.187
0.193
0.14
0.145
0.121
0.119
0.136
0.18
0.187
0.167
0.192
0.146
0.093
0.117
0.147
0.141
0.156
0.177
0.164
0.13
0.146
0.144
0.161
0.179
0.182
0.198
0.141
0.15
0.135
0.123
0.136
0.154
0.175
0.185
0.195
0.15
0.148
0.155
0.134
0.155
0.162
0.125
0.127
0.139
0.207
0.209
0.174
0.211
0.213
0.21
0.202
0.141
0.138
0.152
0.165
0.149
0.133
0.164
0.174
0.221
0.249
0.285
0.274
0.3
0.302
0.32
0.274
0.223
0.194
0.18
0.173
0.12
0.104
0.077
0.102
0.106
0.124
0.155
0.09
0.072
0.108
0.026
0.014
0.083
-0.052
0.131
0.085
0.005
0.118
0.06
0.073
0.053
-0.018
0.054
0.029
-0.005
0.062
0.142
0.128
0.165
0.21
-0.041
0.13
0.178
0.183
0.227
0.242
0.269
0.245
0.323
0.351
