0.002
0.036
0.053
0.059
0.152
0.133
0.088
0.138
0.205
0.211
0.223
0.195
0.214
0.277
0.341
0.363
0.37
0.387
0.352
0.329
0.304
0.313
0.35
0.344
0.311
0.35
0.357
0.356
0.336
0.299
0.285
0.303
0.315
0.332
0.36
0.338
0.351
0.366
0.345
0.321
0.333
0.306
0.335
0.336
0.371
0.366
0.326
0.338
0.343
0.378
0.34
0.351
0.331
0.315
0.322
0.359
0.338
0.347
0.351
0.339
0.346
0.347
0.35
0.308
0.31
0.309
0.296
0.321
0.342
0.363
0.363
0.378
-0.005
0.003
-0.007
0.003
-0.019
-0.019
-0.022
-0.018
0.0
0.008
-0.008
0.007
0.004
-0.021
-0.019
0.001
-0.02
-0.019
-0.017
-0.017
0.001
0.002
-0.007
0.008
-0.019
-0.033
-0.019
-0.06
-0.013
-0.064
-0.018
0.074
0.012
-0.174
0.178
0.023
0.004
0.002
-0.022
0.001
0.004
0.0
-0.02
-0.017
0.002
0.002
-0.018
-0.019
-0.018
-0.016
-0.017
0.001
0.001
-0.017
-0.021
-0.016
0.161
0.474
0.504
-0.797
-0.76
-0.277
-0.374
-0.601
-0.611
-0.542
-0.469
-0.546
-0.647
-0.689
-0.715
-0.717
-0.686
-0.636
-0.572
-0.503
-0.379
-0.268
-0.159
-0.115
-0.076
-0.015
0.053
0.074
0.119
0.198
0.237
0.183
0.207
0.264
0.292
