-0.034
-0.034
-0.032
-0.031
0.002
-0.382
-0.179
0.089
-0.505
-0.221
0.32
1.084
1.161
1.359
-0.616
0.025
0.143
0.214
0.301
0.342
0.084
0.048
0.367
-2.0
-0.208
1.984
0.471
-0.12
-0.233
0.919
-0.085
0.081
0.093
-0.064
0.248
-0.026
0.098
-0.266
-0.016
0.053
-0.047
-0.015
-0.01
-0.052
0.241
0.23
0.018
-0.083
-0.065
-0.703
0.095
0.061
-0.017
0.017
0.057
0.064
0.021
-0.029
-0.076
-0.076
-0.051
-0.084
-0.143
-0.134
-0.157
-0.182
-0.204
-0.176
-0.193
-0.175
-0.125
-0.075
-0.09
-0.152
-0.027
0.008
0.018
0.013
-0.042
-0.048
-0.02
-0.016
-0.016
-0.017
-0.017
-0.018
0.065
-0.074
-0.1
-0.09
-0.09
-0.144
-0.102
-0.079
0.024
0.072
0.03
-0.039
-0.054
0.004
-0.068
-0.192
-0.158
-0.116
-0.072
-0.075
-0.109
-0.178
-0.169
-0.207
-0.213
-0.197
-0.2
-0.245
-0.286
-0.281
-0.303
-0.331
-0.39
-0.442
-0.44
-0.435
-0.472
