-0.439
-0.473
-0.447
-0.439
-0.424
-0.452
-0.466
-0.487
-0.494
-0.514
-0.506
-0.499
-0.549
-0.581
-0.576
-0.562
-0.543
-0.57
-0.594
-0.644
-0.619
-0.578
-0.596
-0.579
-0.555
-0.57
-0.581
-0.567
-0.549
-0.526
-0.551
-0.557
-0.556
-0.559
-0.574
-0.613
-0.606
-0.612
-0.585
-0.544
-0.543
-0.547
-0.559
-0.561
-0.553
-0.545
-0.564
-0.546
-0.544
-0.567
-0.596
-0.599
-0.575
-0.578
-0.017
-0.052
-0.021
-0.044
-0.072
0.06
0.178
0.118
-0.013
-0.061
-0.059
-0.064
-0.07
-0.069
-0.094
-0.125
-0.107
-0.066
-0.095
-0.148
-0.155
-0.121
-0.089
-0.106
-0.185
-0.226
-0.214
-0.303
-0.385
-0.433
