### File1
### Start time : 2024/04/10 13:30:16
### ACC FSR:8G
### GYRO FSR:2000
### MAG DATA:MAG OFF
### Interrupt Threshold:0101
### Data Rate:50Hz
### Data Type:9X DATA
### Feature:6X_LP_QUAT
### Gyro Cal:NO
### Gyro Data:CAL
### Acc Data:RAW
accX, accY, accZ, gyroX, gyroY, gyroZ, magX, magY, magZ
-0.017, -0.031, 1.013, -15.686, 4.028, 0.305, 0.0, 0.0, 0.0
0.031, -0.024, 0.932, -15.747, 1.465, 2.93, 0.0, 0.0, 0.0
0.067, -0.01, 0.928, 0.0, 1.892, 4.578, 0.0, 0.0, 0.0
0.092, 0.031, 1.001, 0.061, 2.625, 3.418, 0.0, 0.0, 0.0
-0.024, 0.067, 0.937, -15.747, -15.686, -22.583, 0.0, 0.0, 0.0
0.013, -0.063, 1.004, -15.808, -15.747, -18.066, 0.0, 0.0, 0.0
0.066, -0.064, 0.93, -15.808, -15.869, -3.906, 0.0, 0.0, 0.0
0.049, 0.02, 0.937, -15.808, -16.541, -1.648, 0.0, 0.0, 0.0
0.035, 0.029, 0.937, -15.747, 0.488, 6.531, 0.0, 0.0, 0.0
0.083, -0.063, 1.0, 0.061, 1.343, 3.906, 0.0, 0.0, 0.0
0.073, -0.09, 0.935, -15.747, 1.404, 0.305, 0.0, 0.0, 0.0
0.068, 0.007, 0.93, -15.686, 1.099, -16.663, 0.0, 0.0, 0.0
0.033, 0.004, 1.007, 0.061, 1.343, 5.249, 0.0, 0.0, 0.0
0.08, 0.017, 1.012, 0.061, 2.747, 6.348, 0.0, 0.0, 0.0
0.048, -0.009, 1.02, 0.0, 2.38, -17.334, 0.0, 0.0, 0.0
0.066, 0.025, 1.0, 0.366, 1.953, -22.644, 0.0, 0.0, 0.0
0.012, -0.076, 1.002, 0.427, 1.587, -23.071, 0.0, 0.0, 0.0
-0.002, -0.082, 0.923, 0.183, 2.38, -22.339, 0.0, 0.0, 0.0
0.084, 0.009, 1.004, 0.061, 2.38, -8.667, 0.0, 0.0, 0.0
-0.029, 0.006, 1.004, 0.0, 2.808, -11.719, 0.0, 0.0, 0.0
0.085, 0.007, 1.015, -15.869, 3.601, -13.245, 0.0, 0.0, 0.0
0.033, 0.013, 1.016, -15.808, 1.465, -34.607, 0.0, 0.0, 0.0
-0.031, -0.071, 1.002, -15.991, 2.747, -36.926, 0.0, 0.0, 0.0
0.014, -0.094, 1.019, -15.991, 1.587, -26.672, 0.0, 0.0, 0.0
-0.069, 0.005, 1.006, -15.747, 0.916, -47.18, 0.0, 0.0, 0.0
0.003, 0.016, 1.01, -16.052, 1.343, -27.649, 0.0, 0.0, 0.0
-0.141, -0.079, 1.006, -15.747, 1.221, -30.457, 0.0, 0.0, 0.0
-0.193, -0.154, 1.002, 0.366, 1.953, -47.852, 0.0, 0.0, 0.0
-0.177, -0.123, 1.011, 0.122, 2.38, -30.029, 0.0, 0.0, 0.0
-0.196, -0.126, 1.021, -16.174, 1.648, -47.791, 0.0, 0.0, 0.0
-0.217, -0.038, 1.011, -15.991, 1.282, -50.964, 0.0, 0.0, 0.0
-0.187, -0.083, 1.003, -15.93, 0.916, -29.724, 0.0, 0.0, 0.0
-0.3, -0.125, 1.007, -15.747, 1.892, -37.231, 0.0, 0.0, 0.0
-0.385, -0.137, 1.01, -15.869, 2.136, -23.438, 0.0, 0.0, 0.0
-0.439, -0.14, 1.01, -15.93, 2.197, -16.907, 0.0, 0.0, 0.0
-0.104, -0.077, 1.017, -15.747, 0.671, -16.418, 0.0, 0.0, 0.0
-0.173, -0.117, 1.008, 0.0, -18.066, -22.827, 0.0, 0.0, 0.0
-0.185, -0.017, 1.009, -16.052, -15.747, -68.97, 0.0, 0.0, 0.0
-0.364, -0.043, 1.006, -16.052, 1.038, -63.965, 0.0, 0.0, 0.0
-0.314, -0.114, 1.005, -15.808, 2.075, -10.681, 0.0, 0.0, 0.0
-0.101, -0.04, 1.008, -15.686, 2.808, 16.174, 0.0, 0.0, 0.0
-0.042, -0.019, 1.009, -15.747, 2.563, 22.156, 0.0, 0.0, 0.0
-0.139, 0.009, 1.017, -15.747, 3.357, 17.883, 0.0, 0.0, 0.0
-0.199, -0.039, 1.012, 0.0, 2.991, 16.174, 0.0, 0.0, 0.0
-0.165, -0.129, 1.007, 0.061, 2.747, 15.869, 0.0, 0.0, 0.0
-0.154, -0.048, 1.007, -15.869, 1.648, 19.653, 0.0, 0.0, 0.0
0.023, 0.013, 0.933, -16.174, 2.136, 16.846, 0.0, 0.0, 0.0
-0.085, -0.031, 1.013, -16.052, 3.418, -6.104, 0.0, 0.0, 0.0
-0.052, 0.016, 1.004, -15.808, 3.296, -3.845, 0.0, 0.0, 0.0
-0.188, -0.032, 0.929, 0.244, 1.953, 20.447, 0.0, 0.0, 0.0
-0.102, -0.043, 1.0, 0.183, 2.075, 14.587, 0.0, 0.0, 0.0
-0.025, -0.026, 1.012, -15.686, 4.028, 15.503, 0.0, 0.0, 0.0
0.022, 0.022, 1.0, -15.869, 1.892, 8.362, 0.0, 0.0, 0.0
0.018, 0.023, 1.012, -16.235, 2.563, -2.441, 0.0, 0.0, 0.0
-0.095, -0.042, 1.016, -16.052, 3.052, -0.854, 0.0, 0.0, 0.0
-0.21, -0.078, 1.006, 0.0, 1.282, 23.01, 0.0, 0.0, 0.0
0.002, -0.048, 1.0, 0.122, 1.404, 13.855, 0.0, 0.0, 0.0
0.007, -0.134, 1.002, 0.183, 2.625, 10.559, 0.0, 0.0, 0.0
-0.084, -0.155, 1.011, 0.061, 2.38, 9.705, 0.0, 0.0, 0.0
-0.083, -0.087, 0.935, -16.052, 1.648, 13.733, 0.0, 0.0, 0.0
-0.136, -0.047, 1.01, -16.052, 2.686, 33.569, 0.0, 0.0, 0.0
-0.089, -0.093, 1.013, 0.183, 1.77, 32.715, 0.0, 0.0, 0.0
0.024, -0.13, 1.004, 0.183, 3.113, 24.475, 0.0, 0.0, 0.0
0.024, -0.068, 1.006, 0.0, 2.686, 27.649, 0.0, 0.0, 0.0
0.09, -0.007, 0.934, -15.808, 2.258, 25.94, 0.0, 0.0, 0.0
0.036, 0.063, 1.015, -15.747, 3.479, 32.837, 0.0, 0.0, 0.0
0.008, 0.081, 1.01, -15.991, 4.211, 15.625, 0.0, 0.0, 0.0
-0.064, -0.073, 0.934, -15.686, 2.136, -7.385, 0.0, 0.0, 0.0
0.091, 0.031, 1.003, -15.93, 2.014, -5.127, 0.0, 0.0, 0.0
0.061, 0.002, 1.014, -15.991, 2.319, 20.63, 0.0, 0.0, 0.0
0.09, 0.029, 1.009, 0.0, 1.038, 20.63, 0.0, 0.0, 0.0
0.024, 0.015, 1.008, 0.0, 1.038, 19.958, 0.0, 0.0, 0.0
0.016, -0.062, 1.0, -15.869, 2.319, 18.127, 0.0, 0.0, 0.0
-0.012, 0.003, 1.007, -15.93, 2.869, 6.775, 0.0, 0.0, 0.0
0.133, -0.073, 1.004, -15.991, 3.357, -2.441, 0.0, 0.0, 0.0
0.091, 0.027, 1.013, -15.991, 3.174, 7.629, 0.0, 0.0, 0.0
0.032, -0.089, 0.937, -15.869, 2.441, 0.122, 0.0, 0.0, 0.0
0.01, -0.086, 1.01, -15.686, 2.991, -16.479, 0.0, 0.0, 0.0
-0.068, 0.007, 1.009, -15.747, 3.601, 5.31, 0.0, 0.0, 0.0
-0.006, -0.076, 0.936, -15.686, 3.357, 16.418, 0.0, 0.0, 0.0
0.211, 0.074, 1.011, 0.0, 2.075, 17.7, 0.0, 0.0, 0.0
0.088, 0.076, 0.937, 0.061, 0.549, -6.104, 0.0, 0.0, 0.0
0.035, -0.077, 1.004, -15.808, 1.221, -3.113, 0.0, 0.0, 0.0
0.064, -0.065, 1.005, -15.808, 2.258, -7.263, 0.0, 0.0, 0.0
0.132, -0.066, 1.0, -15.808, 2.258, 7.08, 0.0, 0.0, 0.0
0.212, 0.027, 1.009, 0.0, 2.93, 15.93, 0.0, 0.0, 0.0
0.115, -0.068, 1.008, -15.747, 2.441, -1.038, 0.0, 0.0, 0.0