### File1
### Start time : 2024/04/10 14:28:46
### ACC FSR:8G
### GYRO FSR:1000
### MAG DATA:Raw_MAG
### Interrupt Threshold:0102
### Data Rate:50Hz
### Data Type:9X DATA
### Feature:6X_LP_QUAT
### Gyro Cal:NO
### Gyro Data:CAL
### Acc Data:RAW
accX, accY, accZ, gyroX, gyroY, gyroZ, magX, magY, magZ
0.0, 0.001, 1.006, -9.033, 8.24, 3.448, 0.0, 0.0, 0.0
0.002, 0.001, 1.005, -9.216, 8.24, 3.357, 0.0, 0.0, 0.0
0.002, 0.002, 1.005, -9.155, 8.148, 3.326, 0.0, 0.0, 0.0
0.002, 0.001, 1.005, -8.911, 8.301, 3.265, 0.0, 0.0, 0.0
0.001, 0.002, 1.004, -8.972, 8.27, 3.357, 0.0, 0.0, 0.0
0.001, 0.002, 1.006, -9.033, 8.301, 3.357, 0.0, 0.0, 0.0
0.001, 0.002, 1.003, -8.881, 8.24, 3.204, 0.0, 0.0, 0.0
0.001, 0.001, 1.004, -8.881, 8.301, 3.174, 0.0, 0.0, 0.0
0.001, 0.003, 1.004, -9.033, 8.24, 3.326, 0.0, 0.0, 0.0
0.001, 0.002, 1.004, -9.033, 8.148, 3.387, 0.0, 0.0, 0.0
0.001, 0.002, 1.006, -8.942, 8.24, 3.418, 0.0, 0.0, 0.0
0.0, 0.003, 1.005, -9.064, 8.362, 3.326, 0.0, 0.0, 0.0
0.002, 0.001, 1.004, -9.094, 8.179, 3.601, 0.0, 0.0, 0.0
0.0, 0.001, 1.004, -9.064, 8.24, 3.418, 0.0, 0.0, 0.0
0.001, 0.001, 1.005, -8.972, 8.423, 3.479, 0.0, 0.0, 0.0
0.002, 0.001, 1.004, -9.033, 8.24, 3.479, 0.0, 0.0, 0.0
0.123, 0.219, 1.005, -9.155, -1.129, 27.985, 0.0, 0.0, 0.0
0.135, 0.188, 0.93, -7.477, -30.457, 211.884, 0.0, 0.0, 0.0
-0.065, -0.185, 0.826, -9.705, -35.767, 390.717, 0.0, 0.0, 0.0
-0.101, -0.162, 1.128, 8.331, 91.614, 245.544, 0.0, 0.0, 0.0
-0.059, 0.022, 0.992, 0.427, 5.157, 67.474, 0.0, 0.0, 0.0
-0.02, -0.14, 0.908, -8.148, 15.93, 104.706, 0.0, 0.0, 0.0
-0.03, -0.042, 1.005, -8.209, 102.448, 7.813, 0.0, 0.0, 0.0
0.014, 0.0, 0.935, -8.057, 122.528, -57.831, 0.0, 0.0, 0.0
-0.086, -0.065, 1.02, 1.068, 134.674, -67.352, 0.0, 0.0, 0.0
-0.069, -0.087, 1.011, 1.312, 83.649, -73.456, 0.0, 0.0, 0.0
-0.079, 0.014, 0.937, 2.441, 81.726, -89.844, 0.0, 0.0, 0.0
0.067, 0.003, 0.975, 2.899, 55.908, -82.642, 0.0, 0.0, 0.0
0.026, -0.073, 0.935, 2.472, -31.372, -68.817, 0.0, 0.0, 0.0
-0.086, -0.072, 1.006, 2.075, 9.064, -69.214, 0.0, 0.0, 0.0
0.009, 0.0, 1.009, 2.014, 20.538, -73.364, 0.0, 0.0, 0.0
0.012, -0.073, 1.021, 1.77, 0.488, -62.775, 0.0, 0.0, 0.0
0.031, 0.001, 1.02, 0.824, -49.561, -49.835, 0.0, 0.0, 0.0
0.045, 0.015, 0.937, 0.061, -74.432, -37.72, 0.0, 0.0, 0.0
-0.01, -0.075, 1.018, 0.031, -60.791, -44.83, 0.0, 0.0, 0.0
-0.073, -0.038, 0.927, -8.209, -52.734, -57.312, 0.0, 0.0, 0.0
-0.031, -0.129, 1.016, 0.824, 3.723, -63.812, 0.0, 0.0, 0.0
-0.066, -0.032, 1.027, 0.183, -30.273, -46.387, 0.0, 0.0, 0.0
0.064, 0.008, 0.923, -8.087, -87.189, -44.159, 0.0, 0.0, 0.0
0.077, -0.071, 1.01, 0.275, -50.262, -74.219, 0.0, 0.0, 0.0
0.065, -0.038, 0.869, 0.244, -70.587, -79.254, 0.0, 0.0, 0.0
-0.07, -0.077, 1.007, -7.935, -6.378, -95.001, 0.0, 0.0, 0.0
-0.043, -0.02, 0.929, 0.122, 8.118, -83.191, 0.0, 0.0, 0.0
0.005, -0.017, 1.024, -8.728, -2.716, -66.772, 0.0, 0.0, 0.0
0.029, -0.021, 1.003, -9.216, 2.502, -60.059, 0.0, 0.0, 0.0
0.008, -0.019, 1.006, -9.674, 3.998, -57.983, 0.0, 0.0, 0.0
-0.093, 0.013, 1.017, -8.362, -1.617, -48.126, 0.0, 0.0, 0.0
-0.086, 0.015, 1.009, -8.606, 0.427, -40.588, 0.0, 0.0, 0.0
0.017, -0.068, 1.014, -8.85, -2.594, -27.924, 0.0, 0.0, 0.0
0.018, -0.071, 0.929, -9.155, 9.216, -56.244, 0.0, 0.0, 0.0
-0.071, -0.042, 1.007, -7.996, 8.362, -66.925, 0.0, 0.0, 0.0
-0.092, -0.075, 1.011, 0.305, 4.395, -82.672, 0.0, 0.0, 0.0
-0.028, 0.012, 0.936, -8.484, 8.118, -70.16, 0.0, 0.0, 0.0
0.073, 0.028, 0.937, -9.064, 2.838, -58.716, 0.0, 0.0, 0.0
-0.018, -0.028, 0.922, -8.972, 8.545, -51.483, 0.0, 0.0, 0.0
0.01, 0.025, 1.009, -7.904, 20.264, -65.43, 0.0, 0.0, 0.0
-0.031, 0.009, 1.023, -8.636, 5.157, -73.181, 0.0, 0.0, 0.0
0.0, 0.03, 0.927, -9.613, -9.979, -80.322, 0.0, 0.0, 0.0
-0.021, 0.029, 1.008, -9.857, 15.045, -80.383, 0.0, 0.0, 0.0
0.0, -0.07, 1.0, -9.491, 9.399, -69.031, 0.0, 0.0, 0.0
-0.095, -0.071, 0.934, 0.244, 9.399, -62.286, 0.0, 0.0, 0.0
-0.06, -0.05, 1.012, 0.427, 3.998, -30.579, 0.0, 0.0, 0.0
-0.052, -0.086, 0.932, 0.183, 7.66, -41.809, 0.0, 0.0, 0.0
-0.072, -0.069, 0.936, 0.671, 46.265, -49.347, 0.0, 0.0, 0.0
-0.067, 0.02, 1.021, 0.122, 53.833, -52.948, 0.0, 0.0, 0.0
-0.032, 0.01, 1.013, 0.092, -18.707, -55.603, 0.0, 0.0, 0.0
-0.063, -0.075, 0.926, -9.46, -58.777, -39.063, 0.0, 0.0, 0.0
-0.072, -0.078, 0.929, -9.338, -32.654, -52.368, 0.0, 0.0, 0.0
-0.057, 0.016, 0.935, -8.698, -1.251, -52.948, 0.0, 0.0, 0.0
-0.092, 0.004, 1.007, -8.636, 23.773, -39.459, 0.0, 0.0, 0.0
-0.064, 0.019, 0.936, -8.881, -2.655, -29.724, 0.0, 0.0, 0.0
0.027, -0.078, 1.003, -8.667, 0.244, -32.227, 0.0, 0.0, 0.0
-0.076, 0.004, 1.005, -8.972, -8.606, -46.661, 0.0, 0.0, 0.0
-0.132, 0.003, 1.021, -9.064, 1.16, -46.509, 0.0, 0.0, 0.0
-0.146, -0.079, 1.011, -9.033, -4.456, -26.794, 0.0, 0.0, 0.0
-0.135, -0.076, 1.002, -8.331, -0.397, -2.136, 0.0, 0.0, 0.0
-0.132, -0.048, 1.005, -9.644, -0.305, 8.362, 0.0, 0.0, 0.0
-0.032, 0.018, 1.014, -10.04, -3.693, -15.076, 0.0, 0.0, 0.0
-0.058, 0.025, 1.0, -9.277, -2.96, 2.838, 0.0, 0.0, 0.0
-0.088, 0.024, 1.01, -8.789, 9.888, 17.975, 0.0, 0.0, 0.0
-0.087, -0.076, 0.927, -9.277, -1.709, 9.705, 0.0, 0.0, 0.0
-0.093, 0.013, 1.0, -8.484, 10.284, -18.89, 0.0, 0.0, 0.0
-0.079, 0.014, 1.004, -8.728, 10.529, -35.156, 0.0, 0.0, 0.0
-0.067, -0.093, 1.014, -8.881, -1.312, -43.121, 0.0, 0.0, 0.0
-0.055, -0.049, 1.009, -9.125, -3.021, -51.117, 0.0, 0.0, 0.0
-0.047, -0.067, 1.001, -9.521, -1.129, -55.054, 0.0, 0.0, 0.0
-0.092, 0.005, 1.002, -8.911, 10.284, -49.194, 0.0, 0.0, 0.0
-0.08, -0.028, 1.002, -8.85, 5.829, -34.21, 0.0, 0.0, 0.0
0.001, 0.024, 1.004, -8.24, 26.123, 1.434, 0.0, 0.0, 0.0
-0.096, -0.069, 0.911, -8.606, 44.037, 25.055, 0.0, 0.0, 0.0
-0.182, -0.092, 0.962, -9.735, 159.668, 64.331, 0.0, 0.0, 0.0
-0.257, -0.019, 1.056, -5.707, 253.937, 134.338, 0.0, 0.0, 0.0
-0.244, 0.008, 1.148, -13.794, -164.642, 299.713, 0.0, 0.0, 0.0
0.059, -0.077, 0.738, -11.23, -536.865, 240.784, 0.0, 0.0, 0.0
0.198, -0.085, 0.842, -8.85, -40.71, 88.44, 0.0, 0.0, 0.0
-0.179, 0.0, 1.109, -8.514, 306.641, 19.379, 0.0, 0.0, 0.0
0.022, -0.077, 0.967, -17.7, -92.804, -7.629, 0.0, 0.0, 0.0
0.056, -0.079, 0.896, -11.688, -37.598, -9.003, 0.0, 0.0, 0.0
-0.101, 0.023, 1.078, 8.179, 111.45, 1.526, 0.0, 0.0, 0.0
-0.028, -0.068, 0.912, -15.9, -29.999, 2.838, 0.0, 0.0, 0.0
-0.077, 0.009, 0.969, -3.021, 42.389, 3.235, 0.0, 0.0, 0.0
0.015, -0.065, 0.931, -9.827, -3.815, 3.784, 0.0, 0.0, 0.0
0.01, 0.001, 1.001, 0.824, 17.365, 3.265, 0.0, 0.0, 0.0
0.01, -0.064, 0.936, -9.369, -1.648, 3.479, 0.0, 0.0, 0.0
0.004, 0.003, 1.006, -7.843, 6.5, 3.418, 0.0, 0.0, 0.0
0.011, -0.063, 0.934, -9.338, -1.77, 3.387, 0.0, 0.0, 0.0
-0.083, 0.004, 1.024, 0.183, 6.836, 3.326, 0.0, 0.0, 0.0
0.014, -0.065, 0.932, -9.552, -3.235, 3.418, 0.0, 0.0, 0.0
0.007, -0.063, 1.001, -8.514, 10.132, 3.296, 0.0, 0.0, 0.0
-0.067, 0.003, 1.011, -8.301, 10.529, 3.387, 0.0, 0.0, 0.0
-0.068, 0.001, 1.012, -8.942, 8.82, 3.479, 0.0, 0.0, 0.0
-0.065, 0.001, 1.01, -9.033, 8.209, 3.357, 0.0, 0.0, 0.0
0.0, 0.001, 1.006, -8.911, 8.545, 3.479, 0.0, 0.0, 0.0
-0.064, 0.0, 1.009, -8.881, 8.453, 3.387, 0.0, 0.0, 0.0
0.001, -0.063, 1.005, -8.911, 8.209, 3.326, 0.0, 0.0, 0.0
0.005, 0.0, 1.004, -8.667, 8.27, 3.265, 0.0, 0.0, 0.0
0.002, 0.0, 1.007, -8.82, 8.484, 3.326, 0.0, 0.0, 0.0
0.003, -0.063, 1.006, -8.942, 8.301, 3.174, 0.0, 0.0, 0.0
0.004, 0.001, 1.005, -8.881, 8.27, 3.204, 0.0, 0.0, 0.0
0.002, 0.001, 1.006, -8.911, 8.179, 3.265, 0.0, 0.0, 0.0
0.002, 0.001, 1.004, -9.003, 8.301, 3.296, 0.0, 0.0, 0.0
0.003, 0.0, 1.004, -8.911, 8.545, 3.235, 0.0, 0.0, 0.0
0.002, 0.001, 1.005, -8.972, 8.331, 3.265, 0.0, 0.0, 0.0
0.003, 0.002, 1.005, -9.064, 8.24, 3.418, 0.0, 0.0, 0.0
0.003, 0.0, 1.004, -8.972, 8.209, 3.265, 0.0, 0.0, 0.0
0.001, 0.002, 1.006, -8.911, 8.27, 3.418, 0.0, 0.0, 0.0
0.002, -0.064, 1.005, -8.942, 8.301, 3.296, 0.0, 0.0, 0.0
0.002, 0.0, 1.006, -9.003, 8.423, 3.387, 0.0, 0.0, 0.0
0.002, 0.002, 1.004, -8.942, 8.301, 3.296, 0.0, 0.0, 0.0
0.002, 0.0, 1.006, -8.911, 8.423, 3.418, 0.0, 0.0, 0.0