1.167
1.012
1.187
1.16
1.275
1.298
1.325
1.291
1.265
1.205
1.171
1.172
1.102
1.193
1.204
1.172
1.122
1.053
1.026
1.038
1.062
1.04
0.986
1.118
1.139
0.96
0.969
0.951
0.985
0.969
0.967
1.097
1.062
0.893
0.857
0.938
1.05
1.029
0.909
0.918
0.998
1.018
1.001
0.929
0.987
0.996
0.969
0.988
0.986
0.963
0.986
0.961
0.968
0.967
0.989
0.968
0.988
0.968
0.985
0.966
0.966
0.966
0.986
0.985
0.987
0.985
0.967
0.966
0.966
0.964
0.986
0.456
0.437
0.44
0.45
0.446
0.455
0.447
0.449
0.478
0.527
0.603
0.603
0.631
0.798
0.912
0.89
0.896
0.932
0.968
0.919
0.966
1.053
1.04
1.072
1.305
1.375
1.295
1.255
1.241
1.206
