1.93
1.984
1.984
1.948
1.803
1.51
1.362
1.237
1.19
1.109
1.003
0.949
0.842
0.723
0.675
0.631
0.628
0.62
0.551
0.513
0.522
0.478
0.488
0.506
0.504
0.554
0.609
0.594
0.585
0.642
0.642
0.643
0.607
0.675
0.685
0.712
0.75
0.803
0.834
0.847
0.87
0.922
0.92
0.884
0.867
0.892
0.858
0.859
0.872
0.913
0.872
0.859
0.876
0.881
0.88
0.887
0.911
0.887
0.805
0.788
0.766
0.77
0.817
0.902
0.963
0.918
0.866
0.835
0.861
0.914
0.885
0.851
0.858
0.959
0.931
0.92
1.076
1.164
1.21
1.239
1.277
1.346
1.396
1.376
1.364
1.38
1.364
1.29
1.144
1.031
0.986
1.984
