1.162
1.595
1.829
1.864
1.965
1.898
1.678
1.581
1.613
1.423
1.452
1.706
1.339
1.022
0.995
0.998
1.074
1.262
1.424
1.335
1.219
1.184
1.161
1.158
1.1
1.023
0.938
0.862
0.804
0.83
0.782
0.691
0.577
0.496
0.538
0.642
0.773
0.872
0.893
0.892
0.93
0.952
0.963
0.976
0.94
0.908
0.867
0.809
0.813
0.833
0.852
0.838
0.835
0.846
0.824
0.781
0.733
0.713
0.73
0.775
0.854
0.945
0.347
0.26
0.204
0.223
0.253
0.267
0.27
0.283
0.261
0.274
0.18
0.203
0.279
0.334
0.279
0.235
0.258
0.473
0.566
0.634
0.707
0.733
0.742
0.763
