0.813
0.807
0.776
0.804
0.777
0.769
0.757
0.848
0.992
0.983
0.839
0.805
0.879
0.904
0.929
0.864
0.846
0.848
0.921
1.02
0.966
0.869
0.859
0.932
1.023
1.0
0.921
0.856
0.853
0.915
0.95
0.957
0.947
0.975
0.961
0.94
0.908
0.919
0.968
0.979
0.969
0.924
0.852
0.867
0.92
1.006
0.932
0.92
1.038
1.028
1.022
1.003
0.977
1.001
0.965
0.917
0.951
0.992
1.019
1.001
1.0
0.934
0.93
0.94
0.924
0.939
0.961
0.986
0.926
0.899
0.942
1.006
1.016
0.98
0.958
1.033
1.052
1.014
1.037
1.051
1.083
1.068
1.01
0.986
0.973
1.005
1.011
1.015
1.013
