0.802
0.813
0.835
0.851
0.796
0.784
0.847
0.867
0.836
0.785
0.754
0.795
0.911
0.925
0.881
0.923
0.996
1.029
1.022
0.967
0.948
0.987
1.0
0.999
0.976
0.868
0.847
0.897
1.023
1.09
1.073
0.989
0.904
0.973
1.031
1.016
0.982
0.953
0.963
0.972
0.991
0.965
0.936
0.963
0.963
0.936
0.827
0.817
0.882
0.947
1.023
1.048
1.0
0.834
0.789
0.87
0.997
1.053
1.02
0.951
0.955
0.977
1.05
0.992
1.026
1.103
1.077
0.962
0.928
0.976
1.052
1.033
0.951
0.972
0.952
1.032
1.065
1.096
1.112
1.066
1.02
0.998
1.071
1.096
0.968
0.898
0.886
1.037
