0.893
0.816
0.839
0.883
0.849
0.843
0.986
0.966
0.872
0.835
0.838
0.915
0.929
0.842
0.793
0.875
0.967
0.937
0.82
0.844
0.933
1.005
1.024
0.983
0.904
0.94
1.006
0.974
0.891
0.871
0.868
0.927
0.94
1.044
1.111
1.018
0.922
0.944
1.021
1.047
1.02
0.956
1.036
1.029
0.936
0.935
0.962
0.922
0.846
0.867
0.919
0.952
0.949
0.873
0.842
0.975
0.993
0.971
0.928
0.959
1.013
1.024
0.965
1.003
1.046
1.125
1.141
0.969
0.85
0.939
1.052
1.094
1.001
0.868
0.988
1.115
1.071
0.983
1.108
1.111
1.041
0.995
1.006
1.013
0.993
0.927
0.853
0.965
1.118
1.138
1.17
1.193
1.067
1.094
0.949
