0.876
0.882
0.868
0.907
0.896
0.857
0.83
0.798
0.848
0.929
0.973
0.942
0.906
0.929
0.961
0.951
0.922
0.908
0.909
0.891
0.865
0.945
1.017
1.022
0.961
0.912
0.893
0.926
0.958
0.916
0.929
0.972
0.951
0.902
0.885
0.972
1.013
1.012
0.966
0.935
0.957
0.953
0.952
0.973
1.012
0.958
0.949
1.0
0.982
0.917
0.908
0.923
0.937
0.977
0.938
0.894
0.959
1.009
1.016
0.956
0.909
0.904
1.018
1.081
1.026
0.918
0.885
0.968
1.012
0.941
0.861
0.912
0.969
1.021
0.994
0.954
0.918
0.921
0.932
0.985
1.025
1.026
0.999
0.994
0.969
0.953
1.001
1.009
0.97
0.943
0.954
0.976
1.005
1.014
0.998
0.985
0.952
0.958
0.956
0.977
0.99
1.05
1.078
1.07
1.01
0.989
1.034
1.046
1.029
0.94
0.925
0.971
1.037
1.049
1.021
1.043
1.035
0.969
0.99
1.048
1.08
1.039
0.919
0.888
0.945
1.013
1.013
0.975
0.918
