0.855
0.883
0.897
0.943
0.907
0.874
0.901
0.955
0.905
0.868
0.903
0.924
0.939
0.922
0.939
0.941
0.958
0.976
0.989
0.937
0.942
0.934
0.933
0.918
0.973
0.972
0.952
0.976
0.988
1.032
1.012
0.974
0.923
0.924
0.954
0.982
0.961
0.918
0.944
0.942
0.938
0.887
0.914
1.022
1.01
0.974
0.932
0.947
0.99
1.001
0.947
0.973
0.985
0.981
0.964
0.933
0.935
0.958
0.956
0.946
0.966
0.987
0.972
0.887
0.876
0.904
0.945
0.965
1.008
1.05
1.009
0.977
0.967
0.951
0.995
1.008
1.025
0.995
0.98
0.952
0.944
0.905
0.943
0.964
0.982
0.98
0.993
1.009
0.986
0.972
0.953
0.958
0.995
0.999
0.992
0.993
0.995
0.999
1.011
0.964
0.944
0.907
0.912
0.92
0.929
0.933
0.95
0.952
1.02
1.078
1.13
1.115
1.057
1.015
0.993
0.999
1.029
1.034
0.978
1.018
1.064
1.029
1.126
