0.942
0.871
0.824
0.881
0.911
0.895
0.853
0.881
0.866
0.812
0.744
0.714
0.673
0.597
0.496
0.46
0.473
0.509
0.567
0.559
0.587
0.711
0.836
0.86
0.953
1.081
1.111
1.062
1.06
1.206
1.213
1.146
1.129
1.249
1.292
1.249
1.245
1.293
1.274
1.186
1.131
1.198
1.21
1.103
1.062
1.103
1.101
0.983
0.941
0.956
0.98
0.964
0.972
1.006
1.016
1.006
0.993
1.033
0.581
0.397
0.174
0.02
-0.027
-0.153
-0.076
0.195
0.392
0.386
0.601
1.083
1.503
1.712
1.915
1.984
1.984
1.967
1.739
1.482
1.295
1.212
1.155
1.126
1.124
1.148
1.16
1.159
1.085
0.976
0.972
1.016
0.982
0.928
0.918
0.96
0.969
0.976
1.006
0.982
0.967
0.915
0.902
0.916
0.973
0.923
0.9
0.942
0.934
0.954
0.925
0.886
0.872
0.942
0.966
0.92
0.867
0.96
1.006
0.951
0.865
0.827
0.816
0.747
0.684
0.608
0.586
0.57
0.571
0.504
0.41
0.365
0.206
-0.054
-0.325
-0.533
-0.535
-0.176
1.208
1.984
1.984
1.984
1.984
1.984
1.984
1.777
1.537
1.261
1.083
1.111
1.121
0.962
1.018
1.476
1.022
1.004
0.979
0.986
0.948
0.965
0.967
0.984
0.953
