0.978
0.989
0.969
0.963
0.965
0.985
0.986
0.987
0.99
0.991
0.988
0.968
0.966
0.964
0.986
0.988
0.986
0.987
0.987
0.968
0.992
0.968
0.987
0.986
0.985
0.991
0.988
0.989
0.991
0.961
0.963
0.967
0.963
0.964
0.966
0.966
0.968
0.964
0.967
0.968
0.987
0.968
0.968
0.989
0.984
0.985
0.982
1.001
0.978
0.895
0.874
0.883
0.881
0.856
0.854
0.851
0.794
0.772
0.735
0.629
0.478
0.285
0.019
-0.023
0.13
0.203
0.17
0.393
0.467
0.541
0.797
1.046
1.318
1.944
1.984
1.952
1.922
1.951
1.749
1.429
1.258
1.168
1.176
1.133
1.046
1.029
1.067
1.082
1.009
0.996
1.014
1.026
1.001
0.952
0.965
1.065
0.994
0.992
1.011
1.01
0.959
0.879
0.845
1.115
1.005
