0.974
0.933
0.939
0.922
0.906
0.917
0.945
0.905
0.903
0.959
0.951
0.929
0.919
0.974
0.971
0.928
0.914
0.935
0.929
0.874
0.89
0.921
0.943
0.941
0.906
0.914
0.972
0.962
0.93
0.891
0.935
0.917
0.887
0.959
0.986
0.943
0.896
0.896
0.891
0.845
0.802
0.736
0.613
0.46
0.331
0.191
0.118
-0.001
-0.078
0.034
0.413
0.883
1.432
1.631
1.49
1.429
1.717
1.845
1.623
1.53
1.586
1.52
1.273
1.027
0.973
1.019
1.079
1.112
1.088
1.066
1.587
1.133
0.993
0.99
0.985
0.974
0.953
0.991
0.99
0.988
0.986
0.987
0.987
0.978
0.969
0.966
0.963
0.964
0.968
0.985
0.994
0.991
