0.97
0.879
0.818
0.87
0.97
0.935
0.891
0.872
0.912
0.901
0.938
0.969
0.946
0.902
0.856
0.893
0.923
0.954
0.96
0.906
0.896
0.884
0.976
0.962
0.941
0.929
0.965
0.982
0.957
0.906
0.921
1.013
1.039
1.035
1.007
0.974
1.036
1.069
1.017
0.905
0.912
0.956
0.981
0.999
1.026
1.032
1.004
0.981
0.984
0.998
0.984
0.98
0.967
0.945
0.986
1.009
0.997
0.921
0.906
0.919
0.95
0.958
0.927
0.904
0.947
0.961
0.963
0.955
0.943
1.037
1.052
1.003
0.985
0.994
1.006
0.962
0.992
0.994
1.023
1.033
0.948
0.916
0.945
1.018
0.968
0.974
0.963
0.984
0.952
0.977
0.924
0.943
1.022
0.967
0.948
0.99
0.977
1.008
1.029
1.088
1.026
0.955
0.961
1.035
0.991
0.984
1.037
