0.728
0.754
0.798
0.75
0.784
0.852
0.894
0.866
0.907
1.027
1.112
1.054
0.976
0.969
1.032
1.047
0.952
0.876
0.892
0.987
0.988
0.912
0.929
0.989
0.978
0.939
0.985
0.998
1.042
1.035
0.913
0.918
0.998
1.01
0.933
0.881
0.901
1.017
1.053
0.984
0.91
0.906
0.946
0.925
0.961
0.964
0.969
1.003
1.016
0.988
0.971
0.958
0.915
0.896
0.866
0.889
0.953
0.991
0.988
0.981
0.971
0.954
0.95
0.983
0.965
0.952
0.981
1.015
1.003
1.002
1.01
1.032
0.976
0.918
0.952
0.955
0.946
0.931
0.939
0.972
0.964
1.019
0.994
0.971
0.964
0.968
0.963
0.967
0.99
0.996
0.963
0.95
0.99
0.986
1.002
1.049
0.998
0.899
1.026
1.105
1.014
0.978
1.014
1.026
1.025
1.007
1.007
0.987
0.971
0.975
0.977
0.985
0.979
1.025
1.007
0.915
1.023
1.851
1.01
0.985
1.001
0.966
