1.455
1.536
1.571
1.627
1.591
1.525
1.45
1.395
1.3
1.195
1.09
1.002
0.841
0.655
0.525
0.421
0.377
0.382
0.338
0.293
0.331
0.449
0.583
0.493
0.414
0.511
0.684
0.793
0.952
1.191
1.312
1.413
1.44
1.476
1.445
1.397
1.386
1.389
1.281
1.184
1.155
1.14
1.088
1.049
1.047
0.982
0.967
0.904
0.857
0.846
0.853
0.839
0.839
0.808
0.824
0.715
0.622
0.609
0.683
0.719
0.671
0.64
0.704
0.784
0.686
0.611
0.746
0.886
0.888
0.806
0.897
0.994
0.924
0.796
0.897
0.967
0.911
0.861
0.943
1.041
1.161
1.155
1.123
1.129
1.159
1.026
0.921
1.126
1.366
1.318
1.123
1.095
1.241
1.31
1.232
1.093
1.038
