### File1
### Start time : 2024/04/10 14:01:44
### ACC FSR:8G
### GYRO FSR:1000
### MAG DATA:Raw_MAG
### Interrupt Threshold:0102
### Data Rate:50Hz
### Data Type:9X DATA
### Feature:6X_LP_QUAT
### Gyro Cal:NO
### Gyro Data:CAL
### Acc Data:RAW
accX, accY, accZ, gyroX, gyroY, gyroZ, magX, magY, magZ
0.018, -0.078, 0.92, -9.094, -1.343, 10.62, 0.0, 0.0, 0.0
-0.012, -0.073, 0.936, 0.916, -25.269, -8.209, 0.0, 0.0, 0.0
0.06, 0.019, 1.092, -9.613, -1.068, -31.036, 0.0, 0.0, 0.0
-0.056, -0.062, 0.871, 0.061, -24.719, -37.506, 0.0, 0.0, 0.0
-0.119, -0.018, 0.973, -9.003, 3.967, -13.763, 0.0, 0.0, 0.0
-0.003, -0.026, 0.988, 3.357, -35.278, -24.994, 0.0, 0.0, 0.0
-0.128, -0.079, 0.977, 1.587, -30.06, -15.625, 0.0, 0.0, 0.0
-0.05, 0.008, 1.064, -8.118, -4.669, -2.655, 0.0, 0.0, 0.0
-0.05, 0.022, 1.01, -8.453, 15.656, 12.543, 0.0, 0.0, 0.0
-0.061, -0.045, 0.859, 0.183, 7.965, 43.304, 0.0, 0.0, 0.0
-0.008, -0.076, 0.934, 0.702, 4.089, 62.225, 0.0, 0.0, 0.0
-0.066, -0.081, 1.021, 0.275, 0.854, 53.375, 0.0, 0.0, 0.0
-0.081, -0.075, 0.926, 0.061, 3.662, 56.213, 0.0, 0.0, 0.0
-0.091, -0.072, 0.931, 0.58, -1.678, 70.618, 0.0, 0.0, 0.0
0.006, -0.072, 1.018, 0.488, -2.38, 73.425, 0.0, 0.0, 0.0
-0.067, -0.081, 1.005, 0.824, -2.716, 61.554, 0.0, 0.0, 0.0
-0.009, -0.09, 1.003, -8.026, 5.859, 50.476, 0.0, 0.0, 0.0
-0.069, -0.05, 0.915, -9.277, 10.986, 24.445, 0.0, 0.0, 0.0
-0.049, -0.072, 1.018, -9.46, 10.681, 20.325, 0.0, 0.0, 0.0
-0.04, -0.076, 0.911, -8.453, 4.944, 44.586, 0.0, 0.0, 0.0
-0.066, 0.023, 1.027, 0.244, 17.242, 66.04, 0.0, 0.0, 0.0
0.017, 0.029, 1.025, 0.702, -1.892, 65.765, 0.0, 0.0, 0.0
0.01, 0.021, 1.016, 1.007, -4.822, 49.103, 0.0, 0.0, 0.0
-0.091, -0.07, 0.93, 0.458, -0.702, 36.469, 0.0, 0.0, 0.0
-0.091, -0.075, 0.923, -8.118, 16.113, 46.021, 0.0, 0.0, 0.0
-0.073, 0.021, 1.013, 1.404, 8.82, 70.618, 0.0, 0.0, 0.0
0.02, -0.068, 1.006, 1.465, 3.662, 79.346, 0.0, 0.0, 0.0
-0.017, -0.072, 1.005, 0.366, 10.437, 78.857, 0.0, 0.0, 0.0
-0.026, -0.072, 1.001, -7.904, -1.648, 61.34, 0.0, 0.0, 0.0
0.008, -0.076, 0.976, 0.153, 16.785, 70.74, 0.0, 0.0, 0.0
0.01, -0.088, 0.933, -7.935, 6.256, 81.329, 0.0, 0.0, 0.0
-0.019, -0.088, 0.922, 0.58, 10.193, 77.911, 0.0, 0.0, 0.0
0.018, -0.085, 1.022, 1.16, 9.552, 75.592, 0.0, 0.0, 0.0
-0.001, 0.011, 0.934, 1.831, 2.136, 79.346, 0.0, 0.0, 0.0
-0.03, -0.029, 0.913, 1.068, -11.078, 65.979, 0.0, 0.0, 0.0
0.026, 0.004, 0.931, 0.366, -3.845, 68.359, 0.0, 0.0, 0.0
-0.011, 0.001, 1.005, 0.458, 11.139, 74.463, 0.0, 0.0, 0.0
-0.021, 0.003, 1.017, 0.641, 8.423, 81.94, 0.0, 0.0, 0.0
-0.023, -0.077, 0.922, 0.0, 0.671, 78.949, 0.0, 0.0, 0.0
0.063, -0.07, 0.934, -8.606, 1.678, 59.265, 0.0, 0.0, 0.0
0.029, -0.078, 0.931, -8.301, 2.655, 52.826, 0.0, 0.0, 0.0
0.026, 0.005, 1.009, 0.671, 10.681, 62.622, 0.0, 0.0, 0.0
0.008, -0.065, 0.917, 1.953, -0.122, 73.547, 0.0, 0.0, 0.0
-0.023, 0.0, 0.928, 2.014, 4.272, 80.109, 0.0, 0.0, 0.0
0.075, 0.015, 1.023, 1.19, 24.628, 67.352, 0.0, 0.0, 0.0
-0.011, -0.029, 1.019, 0.183, 10.437, 59.265, 0.0, 0.0, 0.0
0.004, 0.013, 1.003, 0.153, 1.74, 60.211, 0.0, 0.0, 0.0
-0.021, -0.078, 1.012, 0.458, 8.453, 66.864, 0.0, 0.0, 0.0
0.085, -0.092, 1.009, 0.671, 7.05, 63.69, 0.0, 0.0, 0.0
0.066, 0.013, 1.013, 0.427, 10.162, 40.192, 0.0, 0.0, 0.0
0.015, 0.023, 1.012, -7.935, -2.136, 19.928, 0.0, 0.0, 0.0
-0.03, 0.017, 1.026, -8.057, 4.181, 41.901, 0.0, 0.0, 0.0
0.065, -0.075, 0.968, 0.031, 16.052, 51.514, 0.0, 0.0, 0.0
0.059, -0.073, 0.989, -8.27, 5.676, 45.013, 0.0, 0.0, 0.0
0.034, 0.017, 1.0, -8.24, 2.136, 31.494, 0.0, 0.0, 0.0
0.027, -0.07, 0.937, -8.209, 2.686, 7.69, 0.0, 0.0, 0.0
0.016, 0.013, 1.015, -8.179, 1.617, 14.679, 0.0, 0.0, 0.0
0.025, 0.01, 1.022, -8.331, -1.373, 22.278, 0.0, 0.0, 0.0
-0.001, 0.01, 1.027, -8.209, 6.561, 35.4, 0.0, 0.0, 0.0
0.084, 0.007, 0.98, -8.209, 16.602, 31.494, 0.0, 0.0, 0.0
0.027, 0.027, 0.985, -9.064, 17.151, 4.303, 0.0, 0.0, 0.0
0.009, 0.02, 0.971, -8.728, 6.958, 4.7, 0.0, 0.0, 0.0
-0.077, -0.07, 0.926, -8.423, 8.575, 19.714, 0.0, 0.0, 0.0
0.003, 0.003, 0.919, -8.575, 4.425, 39.49, 0.0, 0.0, 0.0
0.016, 0.024, 0.923, -8.179, 11.627, 35.95, 0.0, 0.0, 0.0
0.023, 0.005, 1.007, -8.606, 0.183, 21.118, 0.0, 0.0, 0.0
-0.092, -0.017, 0.859, -8.85, -16.357, 16.51, 0.0, 0.0, 0.0
-0.077, -0.038, 0.92, 0.427, 17.853, 36.041, 0.0, 0.0, 0.0
-0.078, 0.007, 1.011, -7.965, 16.876, 46.265, 0.0, 0.0, 0.0
0.021, 0.011, 0.928, 0.0, 6.531, 57.159, 0.0, 0.0, 0.0
-0.001, -0.032, 1.004, -8.728, 11.383, 40.314, 0.0, 0.0, 0.0
0.07, -0.083, 1.016, -9.46, 9.033, 23.651, 0.0, 0.0, 0.0
0.093, 0.024, 1.044, -9.308, 7.874, 12.817, 0.0, 0.0, 0.0
0.086, -0.025, 0.923, -9.796, 8.148, 4.913, 0.0, 0.0, 0.0
0.023, 0.071, 0.985, -9.857, 9.888, 4.333, 0.0, 0.0, 0.0
-0.074, -0.063, 0.935, -9.277, 11.566, 26.367, 0.0, 0.0, 0.0
0.019, -0.035, 0.968, -8.698, 13.641, 35.339, 0.0, 0.0, 0.0
0.018, 0.002, 0.909, -8.698, 12.238, 41.87, 0.0, 0.0, 0.0
-0.026, 0.025, 1.015, -8.972, 7.538, 32.104, 0.0, 0.0, 0.0
0.07, -0.011, 1.047, -9.155, 12.512, 18.646, 0.0, 0.0, 0.0
0.022, -0.08, 1.0, -9.216, -0.641, 6.287, 0.0, 0.0, 0.0
-0.064, -0.09, 1.077, 0.031, 0.977, 24.078, 0.0, 0.0, 0.0
-0.046, -0.06, 0.927, 0.671, 1.77, 35.278, 0.0, 0.0, 0.0
-0.05, -0.034, 0.924, -8.82, 17.822, 57.831, 0.0, 0.0, 0.0
0.063, -0.073, 1.02, -8.118, 20.966, 54.077, 0.0, 0.0, 0.0
0.005, -0.072, 1.02, -7.874, 9.308, 48.767, 0.0, 0.0, 0.0
-0.073, -0.087, 0.979, 1.129, -4.791, 46.326, 0.0, 0.0, 0.0
-0.142, -0.041, 0.943, 0.458, -9.613, 62.927, 0.0, 0.0, 0.0
-0.088, -0.086, 1.015, 0.0, 10.834, 67.749, 0.0, 0.0, 0.0
-0.029, -0.066, 1.018, 1.038, -7.08, 81.268, 0.0, 0.0, 0.0
0.018, -0.084, 1.008, 1.19, -11.627, 72.632, 0.0, 0.0, 0.0
0.016, -0.065, 1.006, 0.275, -3.754, 57.709, 0.0, 0.0, 0.0
0.014, 0.003, 0.93, -9.003, 8.423, 48.401, 0.0, 0.0, 0.0
0.015, -0.077, 1.01, -8.667, 7.202, 49.744, 0.0, 0.0, 0.0
0.085, -0.066, 0.907, -8.026, 4.486, 46.722, 0.0, 0.0, 0.0
0.044, 0.026, 0.929, -8.972, 8.575, 33.661, 0.0, 0.0, 0.0
0.052, -0.066, 0.934, -8.514, 11.536, 19.043, 0.0, 0.0, 0.0
0.155, 0.005, 0.937, -8.545, 8.331, 6.226, 0.0, 0.0, 0.0
0.146, -0.029, 1.064, -8.545, 3.174, -7.446, 0.0, 0.0, 0.0
0.188, -0.082, 1.028, -9.155, -1.099, -24.75, 0.0, 0.0, 0.0
0.121, -0.034, 0.972, -9.46, 3.815, -31.342, 0.0, 0.0, 0.0
0.097, -0.081, 0.931, -9.491, -9.43, -28.32, 0.0, 0.0, 0.0
0.063, 0.003, 0.912, -9.155, 11.963, -9.857, 0.0, 0.0, 0.0
-0.018, 0.001, 0.915, -16.479, 109.406, 3.387, 0.0, 0.0, 0.0
-0.092, 0.004, 1.023, -6.683, 106.232, 25.024, 0.0, 0.0, 0.0
0.085, -0.04, 0.907, -8.453, 34.882, 59.082, 0.0, 0.0, 0.0
0.13, 0.001, 0.917, -8.698, 6.653, 45.959, 0.0, 0.0, 0.0
0.002, -0.035, 1.009, -9.155, -2.167, 7.782, 0.0, 0.0, 0.0
-0.024, -0.092, 1.021, -9.216, -3.693, -14.74, 0.0, 0.0, 0.0
-0.089, -0.036, 0.912, -9.552, -0.58, -21.179, 0.0, 0.0, 0.0
-0.026, 0.007, 1.012, -9.216, -2.014, -7.813, 0.0, 0.0, 0.0
0.066, 0.0, 0.927, -8.636, 9.216, -10.376, 0.0, 0.0, 0.0
-0.018, 0.009, 1.009, -8.209, 5.096, -8.423, 0.0, 0.0, 0.0
-0.084, 0.008, 0.908, -8.179, 6.226, -10.742, 0.0, 0.0, 0.0
0.009, 0.004, 1.013, -8.545, 3.998, -6.287, 0.0, 0.0, 0.0
0.016, 0.022, 0.971, -8.789, 11.292, -13.794, 0.0, 0.0, 0.0
0.028, 0.0, 1.016, -8.911, 11.2, -26.764, 0.0, 0.0, 0.0
0.003, -0.063, 0.917, -9.186, 9.338, -34.363, 0.0, 0.0, 0.0
-0.03, -0.039, 1.007, -9.003, 9.888, -20.386, 0.0, 0.0, 0.0
0.083, -0.082, 1.01, -8.667, 9.613, -23.438, 0.0, 0.0, 0.0
0.014, 0.014, 1.001, -8.331, 5.371, -32.318, 0.0, 0.0, 0.0
0.074, 0.002, 1.013, -7.904, 4.974, -50.507, 0.0, 0.0, 0.0
-0.077, -0.092, 0.962, -7.996, 11.688, -50.72, 0.0, 0.0, 0.0
-0.068, -0.09, 0.925, -8.514, 10.223, -36.255, 0.0, 0.0, 0.0
0.007, -0.034, 1.008, -9.155, 9.644, -30.487, 0.0, 0.0, 0.0
-0.084, 0.011, 1.028, -9.552, 7.813, -27.1, 0.0, 0.0, 0.0
-0.067, 0.028, 1.017, -8.911, -1.007, -15.991, 0.0, 0.0, 0.0
-0.035, -0.022, 1.011, -9.125, 9.43, -17.456, 0.0, 0.0, 0.0
-0.081, -0.03, 0.979, -9.216, 8.118, -12.146, 0.0, 0.0, 0.0
-0.07, -0.07, 0.969, -9.43, 8.789, -5.371, 0.0, 0.0, 0.0
-0.073, -0.068, 1.018, -9.125, 9.186, 3.204, 0.0, 0.0, 0.0
0.0, 0.013, 1.007, -9.094, 11.353, 1.373, 0.0, 0.0, 0.0
-0.057, 0.009, 1.011, -9.247, 9.979, -6.653, 0.0, 0.0, 0.0
-0.092, -0.075, 1.002, -8.881, 10.162, 0.031, 0.0, 0.0, 0.0
0.003, 0.006, 0.973, -8.24, 6.47, 0.549, 0.0, 0.0, 0.0
0.005, 0.011, 0.976, -8.27, 6.012, -7.843, 0.0, 0.0, 0.0
-0.08, -0.084, 0.915, -8.392, 11.261, -6.348, 0.0, 0.0, 0.0
-0.086, 0.003, 0.967, -8.24, 7.568, -24.017, 0.0, 0.0, 0.0
-0.065, -0.063, 0.921, -8.331, 5.615, -25.848, 0.0, 0.0, 0.0
-0.023, 0.013, 1.008, 0.153, 16.418, -8.698, 0.0, 0.0, 0.0
0.091, -0.066, 0.979, -8.667, 4.547, 5.859, 0.0, 0.0, 0.0
0.092, -0.083, 1.014, -9.277, 8.881, -11.139, 0.0, 0.0, 0.0
0.008, 0.001, 0.934, -9.308, -2.838, -15.228, 0.0, 0.0, 0.0
0.009, 0.012, 1.008, -9.003, -2.35, -22.278, 0.0, 0.0, 0.0
-0.083, 0.012, 1.008, -9.186, -1.465, -28.778, 0.0, 0.0, 0.0
-0.079, -0.07, 1.021, -8.301, 4.486, -32.837, 0.0, 0.0, 0.0
0.03, -0.079, 0.935, -8.362, 4.242, -11.444, 0.0, 0.0, 0.0
0.015, -0.083, 0.977, -8.453, -0.946, 1.434, 0.0, 0.0, 0.0
-0.072, -0.066, 1.025, -8.82, 10.62, -16.968, 0.0, 0.0, 0.0
0.003, 0.018, 0.936, -9.033, -1.251, -21.271, 0.0, 0.0, 0.0
-0.13, 0.001, 1.009, -8.972, -1.617, -24.841, 0.0, 0.0, 0.0
-0.082, -0.068, 1.017, -9.247, -1.77, -14.709, 0.0, 0.0, 0.0
-0.066, 0.003, 1.005, -9.644, -2.045, -15.533, 0.0, 0.0, 0.0
0.005, 0.018, 1.004, -9.186, -2.93, -23.712, 0.0, 0.0, 0.0