### File1
### Start time : 2024/03/29 08:49:07
### ACC FSR:2G
### GYRO FSR:2000
### MAG DATA:MAG OFF
### Interrupt Threshold:1201
### Data Rate:50Hz
### Data Type:9X DATA
### Feature:LP_QUAT
### Gyro Cal:YES
### Gyro Data:CAL
### Acc Data:RAW
accX, accY, accZ, gyroX, gyroY, gyroZ, magX, magY, magZ
0.053, 0.002, 1.018, -16.357, 4.211, 0.488, 0.0, 0.0, 0.0
0.036, -0.004, 1.02, -16.357, 2.319, 1.099, 0.0, 0.0, 0.0
0.017, 0.005, 0.972, -16.907, 2.075, 1.343, 0.0, 0.0, 0.0
0.026, -0.016, 0.993, -16.602, 0.671, 1.16, 0.0, 0.0, 0.0
0.052, -0.011, 0.945, -16.724, 0.183, 1.343, 0.0, 0.0, 0.0
0.029, -0.033, 0.948, -16.724, 1.77, 1.282, 0.0, 0.0, 0.0
0.037, -0.035, 0.983, -16.541, 2.441, 1.282, 0.0, 0.0, 0.0
0.019, -0.013, 0.991, -16.602, 2.136, 1.343, 0.0, 0.0, 0.0
0.032, -0.036, 0.965, -16.785, 1.587, 1.221, 0.0, 0.0, 0.0
0.015, -0.036, 1.0, -16.724, 1.831, 1.038, 0.0, 0.0, 0.0
0.49, 0.336, 1.848, 6.348, -272.522, 26.001, 0.0, 0.0, 0.0
0.564, -0.027, -0.32, 38.879, -619.019, 157.593, 0.0, 0.0, 0.0
0.371, -0.1, 1.088, 48.95, -41.382, 132.385, 0.0, 0.0, 0.0
0.027, 0.071, 0.58, 8.057, 164.185, 111.511, 0.0, 0.0, 0.0
-0.267, 0.058, 0.656, 51.086, 375.061, 333.313, 0.0, 0.0, 0.0
-0.206, -0.075, 1.543, 22.278, 445.19, 581.726, 0.0, 0.0, 0.0
-0.3, -0.067, 0.82, -55.603, 51.575, 422.791, 0.0, 0.0, 0.0
0.209, -0.193, 0.999, -54.443, 35.645, 60.791, 0.0, 0.0, 0.0
0.07, -0.129, 0.967, -13.733, 32.532, 34.302, 0.0, 0.0, 0.0
0.011, 0.149, 1.01, -11.414, 8.545, 38.635, 0.0, 0.0, 0.0
-0.095, 0.033, 1.086, 1.16, 19.531, 99.67, 0.0, 0.0, 0.0
-0.125, -0.052, 1.101, 60.181, 5.127, 127.319, 0.0, 0.0, 0.0
-0.177, 0.005, 1.116, 113.342, 31.921, 114.624, 0.0, 0.0, 0.0
-0.098, 0.009, 1.374, 116.455, 67.444, 76.843, 0.0, 0.0, 0.0
-0.121, 0.087, 1.86, 92.102, 83.374, 70.251, 0.0, 0.0, 0.0
-0.144, 0.122, 1.875, 58.96, 38.025, 28.198, 0.0, 0.0, 0.0
-0.166, 0.184, 1.721, 57.007, -28.198, 37.842, 0.0, 0.0, 0.0
-0.198, 0.185, 1.515, 28.381, -66.65, 22.766, 0.0, 0.0, 0.0
-0.259, 0.324, 1.326, 23.804, -54.81, 2.869, 0.0, 0.0, 0.0
-0.212, 0.318, 1.21, 35.767, -59.998, -2.38, 0.0, 0.0, 0.0
-0.175, 0.242, 1.195, -0.671, -58.044, 34.729, 0.0, 0.0, 0.0
-0.102, 0.261, 1.123, 20.203, -44.617, 38.025, 0.0, 0.0, 0.0
-0.128, 0.215, 0.999, 25.269, -28.87, 37.781, 0.0, 0.0, 0.0
-0.085, 0.204, 0.919, 32.104, -40.527, 34.241, 0.0, 0.0, 0.0
-0.036, 0.197, 0.924, -1.587, -68.298, 13.062, 0.0, 0.0, 0.0
0.004, 0.258, 0.979, -5.249, -50.72, 20.386, 0.0, 0.0, 0.0
-0.004, 0.268, 1.068, 19.897, -33.813, 16.052, 0.0, 0.0, 0.0
0.036, 0.235, 0.965, 35.4, -28.259, -2.258, 0.0, 0.0, 0.0
0.058, 0.155, 0.92, -6.836, -59.937, 17.395, 0.0, 0.0, 0.0
0.061, 0.164, 0.968, -30.701, -90.088, 8.24, 0.0, 0.0, 0.0
0.064, 0.197, 0.939, -48.645, -90.332, 15.808, 0.0, 0.0, 0.0
0.089, 0.209, 0.854, 10.01, -65.796, -18.982, 0.0, 0.0, 0.0
0.122, 0.163, 0.831, 39.795, -12.268, -34.18, 0.0, 0.0, 0.0
0.105, 0.164, 0.82, 49.622, 4.15, -52.551, 0.0, 0.0, 0.0
0.134, 0.22, 0.84, 32.227, -25.818, -39.978, 0.0, 0.0, 0.0
0.163, 0.251, 0.861, 23.254, -66.772, -28.442, 0.0, 0.0, 0.0
0.149, 0.184, 0.824, 36.072, -45.288, -28.32, 0.0, 0.0, 0.0
0.172, 0.159, 0.772, 63.049, -47.974, -39.185, 0.0, 0.0, 0.0
0.126, 0.181, 0.738, 67.749, -38.757, -66.467, 0.0, 0.0, 0.0
0.112, 0.196, 0.695, 51.697, -50.293, -65.186, 0.0, 0.0, 0.0
0.074, 0.234, 0.691, 31.494, -55.176, -40.833, 0.0, 0.0, 0.0
0.058, 0.309, 0.729, 8.85, -60.547, -47.546, 0.0, 0.0, 0.0
0.069, 0.281, 0.703, 37.598, -52.246, -30.334, 0.0, 0.0, 0.0
0.086, 0.244, 0.664, 39.978, -31.799, -50.903, 0.0, 0.0, 0.0
0.094, 0.293, 0.674, 54.138, -21.973, -40.1, 0.0, 0.0, 0.0
0.138, 0.365, 0.743, 29.419, -15.625, -51.636, 0.0, 0.0, 0.0
0.148, 0.42, 0.702, 47.485, -29.236, -28.809, 0.0, 0.0, 0.0
0.164, 0.452, 0.651, 33.02, -54.199, -12.939, 0.0, 0.0, 0.0
0.196, 0.415, 0.624, 20.63, -40.649, -7.874, 0.0, 0.0, 0.0
0.235, 0.467, 0.653, 11.353, -38.818, -32.593, 0.0, 0.0, 0.0