### File1
### Start time : 2024/03/28 19:44:53
### ACC FSR:2G
### GYRO FSR:1000
### MAG DATA:MAG OFF
### Interrupt Threshold:1202
### Data Rate:50Hz
### Data Type:9X DATA
### Feature:6X_LP_QUAT
### Gyro Cal:NO
### Gyro Data:CAL
### Acc Data:RAW
accX, accY, accZ, gyroX, gyroY, gyroZ, magX, magY, magZ
0.058, 0.076, 0.958, -9.308, 24.384, -10.162, 0.0, 0.0, 0.0
0.059, 0.075, 0.902, 1.404, 11.2, 16.052, 0.0, 0.0, 0.0
0.115, 0.027, 1.035, -10.681, 17.212, 13.062, 0.0, 0.0, 0.0
0.088, 0.055, 1.028, -11.261, 17.242, -1.953, 0.0, 0.0, 0.0
0.056, 0.051, 0.999, -9.064, 3.021, -11.597, 0.0, 0.0, 0.0
0.031, 0.078, 0.958, 0.58, 1.495, -17.212, 0.0, 0.0, 0.0
0.078, 0.087, 0.995, -6.409, 10.925, -4.73, 0.0, 0.0, 0.0
0.064, 0.095, 0.993, 2.472, -11.139, 0.702, 0.0, 0.0, 0.0
0.101, 0.104, 0.984, 7.965, -13.947, 1.495, 0.0, 0.0, 0.0
0.098, 0.045, 1.036, -4.913, 5.432, -3.601, 0.0, 0.0, 0.0
0.01, 0.027, 1.105, -13.367, 25.574, 3.723, 0.0, 0.0, 0.0
0.068, 0.082, 1.165, -34.882, 44.189, 1.16, 0.0, 0.0, 0.0
0.089, 0.014, 1.216, -41.504, 84.32, -7.874, 0.0, 0.0, 0.0
0.144, 0.003, 1.268, -37.72, 105.225, -13.367, 0.0, 0.0, 0.0
0.083, 0.051, 1.364, -5.615, 8.667, -22.614, 0.0, 0.0, 0.0
-0.085, 0.018, 1.399, 13.794, -41.351, -13.855, 0.0, 0.0, 0.0
-0.112, 0.021, 1.428, 33.905, -20.294, -13.306, 0.0, 0.0, 0.0
-0.124, -0.006, 1.32, 28.87, 19.989, -7.599, 0.0, 0.0, 0.0
-0.125, 0.003, 1.29, 14.618, 52.856, -10.864, 0.0, 0.0, 0.0
-0.068, 0.025, 1.335, 24.261, 38.666, -2.563, 0.0, 0.0, 0.0
-0.077, 0.033, 1.329, 29.816, 26.855, 9.674, 0.0, 0.0, 0.0
-0.128, 0.053, 1.244, 57.831, -3.967, -3.54, 0.0, 0.0, 0.0
-0.129, 0.058, 1.157, 69.55, -32.379, 2.777, 0.0, 0.0, 0.0
-0.156, 0.025, 1.074, 79.102, -15.442, -2.35, 0.0, 0.0, 0.0
-0.162, 0.063, 0.987, 66.376, -7.965, -0.916, 0.0, 0.0, 0.0
-0.151, 0.071, 0.972, 54.352, 0.275, 8.087, 0.0, 0.0, 0.0
-0.163, 0.124, 0.956, 70.679, 8.453, -2.289, 0.0, 0.0, 0.0
-0.137, 0.18, 0.78, 73.883, -1.373, 8.606, 0.0, 0.0, 0.0
-0.045, 0.245, 0.691, 61.798, -8.667, 5.554, 0.0, 0.0, 0.0
-0.052, 0.213, 0.633, 35.797, 24.567, 16.724, 0.0, 0.0, 0.0
-0.068, 0.242, 0.666, 24.353, 20.111, 9.155, 0.0, 0.0, 0.0
-0.095, 0.266, 0.834, 19.379, 7.477, 2.228, 0.0, 0.0, 0.0
-0.119, 0.244, 0.863, 39.429, -9.277, 2.96, 0.0, 0.0, 0.0
-0.095, 0.286, 0.757, 45.898, -18.188, 3.754, 0.0, 0.0, 0.0
-0.017, 0.294, 0.706, 49.103, -4.517, 1.221, 0.0, 0.0, 0.0
-0.044, 0.258, 0.706, 44.8, -14.099, -9.888, 0.0, 0.0, 0.0
-0.141, 0.261, 0.7, 52.521, -35.889, -6.927, 0.0, 0.0, 0.0
-0.107, 0.331, 0.68, 45.227, -28.046, -17.456, 0.0, 0.0, 0.0
-0.107, 0.333, 0.584, 31.189, -16.357, -15.93, 0.0, 0.0, 0.0
-0.125, 0.358, 0.607, 3.54, 25.757, -12.878, 0.0, 0.0, 0.0
-0.111, 0.393, 0.736, -23.468, 39.063, -19.531, 0.0, 0.0, 0.0
-0.13, 0.381, 0.751, -14.038, 34.424, -9.521, 0.0, 0.0, 0.0
-0.042, 0.428, 0.721, -4.761, 12.817, -0.244, 0.0, 0.0, 0.0
0.018, 0.411, 0.671, 9.583, -16.998, 10.742, 0.0, 0.0, 0.0
0.002, 0.413, 0.747, -2.869, -6.775, 2.228, 0.0, 0.0, 0.0
-0.07, 0.397, 0.776, 3.021, 1.19, -4.12, 0.0, 0.0, 0.0
-0.127, 0.371, 0.782, 5.829, -16.51, -10.468, 0.0, 0.0, 0.0
-0.106, 0.398, 0.763, 7.111, -5.737, 0.885, 0.0, 0.0, 0.0
-0.036, 0.394, 0.64, 5.798, -6.989, -0.641, 0.0, 0.0, 0.0
-0.012, 0.444, 0.729, -11.566, 0.0, -8.667, 0.0, 0.0, 0.0
-0.056, 0.442, 0.822, -12.329, 8.484, -5.859, 0.0, 0.0, 0.0
-0.099, 0.428, 0.843, 0.092, -8.27, -9.644, 0.0, 0.0, 0.0
-0.085, 0.422, 0.82, 10.773, 1.678, -1.373, 0.0, 0.0, 0.0