### File1
### Start time : 2024/04/02 16:42:42
### ACC FSR:2G
### GYRO FSR:2000
### MAG DATA:MAG OFF
### Interrupt Threshold:0101
### Data Rate:50Hz
### Data Type:9X DATA
### Feature:6X_LP_QUAT
### Gyro Cal:NO
### Gyro Data:CAL
### Acc Data:RAW
accX, accY, accZ, gyroX, gyroY, gyroZ, magX, magY, magZ
-0.045, -0.061, 1.047, 0.916, 20.874, -0.671, 0.0, 0.0, 0.0
-0.048, -0.085, 1.076, 4.578, -6.531, -6.836, 0.0, 0.0, 0.0
-0.051, -0.046, 1.143, -20.142, 15.93, -16.357, 0.0, 0.0, 0.0
-0.058, -0.068, 1.16, -19.043, 17.395, -17.944, 0.0, 0.0, 0.0
-0.083, -0.081, 1.138, -8.301, 14.954, 0.183, 0.0, 0.0, 0.0
-0.027, -0.034, 1.144, -11.78, 11.353, 2.38, 0.0, 0.0, 0.0
-0.017, -0.027, 1.156, 4.15, 7.507, 2.93, 0.0, 0.0, 0.0
-0.013, -0.054, 1.139, 15.93, -19.592, -18.311, 0.0, 0.0, 0.0
-0.083, -0.046, 1.173, -3.723, 3.662, -7.996, 0.0, 0.0, 0.0
-0.132, -0.086, 1.119, -5.249, -2.869, -17.944, 0.0, 0.0, 0.0
-0.12, -0.127, 1.065, -15.808, 12.329, 6.653, 0.0, 0.0, 0.0
-0.084, -0.084, 1.042, -12.695, 21.301, 6.653, 0.0, 0.0, 0.0
-0.008, -0.031, 1.046, -5.493, -35.461, -17.151, 0.0, 0.0, 0.0
-0.035, -0.02, 1.089, 19.47, -40.649, -13.916, 0.0, 0.0, 0.0
-0.072, -0.022, 1.051, 21.118, -44.983, -12.756, 0.0, 0.0, 0.0
-0.047, -0.04, 1.048, 19.592, -32.532, -18.555, 0.0, 0.0, 0.0
-0.012, -0.029, 1.055, 1.038, -2.869, 5.859, 0.0, 0.0, 0.0
-0.013, -0.032, 1.025, -13.062, 12.207, -6.104, 0.0, 0.0, 0.0
-0.054, -0.063, 0.992, -38.33, 11.475, 3.906, 0.0, 0.0, 0.0
-0.051, -0.028, 1.022, -34.18, 7.08, -20.508, 0.0, 0.0, 0.0
-0.099, -0.054, 1.033, -8.789, -1.343, -23.193, 0.0, 0.0, 0.0
-0.111, -0.036, 0.99, -20.081, 20.508, -16.602, 0.0, 0.0, 0.0
-0.061, -0.051, 0.984, 5.92, 17.029, 3.479, 0.0, 0.0, 0.0
-0.042, -0.023, 1.022, -2.686, 6.104, 2.625, 0.0, 0.0, 0.0
-0.078, -0.039, 0.974, 19.043, -24.048, -17.822, 0.0, 0.0, 0.0
-0.087, -0.027, 1.003, 38.391, -61.523, -14.282, 0.0, 0.0, 0.0
-0.073, -0.069, 1.041, 52.612, -83.191, -33.02, 0.0, 0.0, 0.0
-0.038, -0.027, 1.066, 46.997, -47.974, -12.695, 0.0, 0.0, 0.0
-0.013, 0.007, 1.021, 35.034, 1.038, -18.982, 0.0, 0.0, 0.0
0.0, 0.016, 0.954, 8.606, -4.578, 3.845, 0.0, 0.0, 0.0
0.007, 0.051, 0.969, -7.202, -2.136, -21.667, 0.0, 0.0, 0.0
-0.029, 0.036, 1.009, -0.671, 6.592, -8.85, 0.0, 0.0, 0.0
-0.07, 0.036, 1.01, 12.024, 2.625, -11.963, 0.0, 0.0, 0.0
-0.085, 0.014, 0.948, 11.841, 7.141, -9.521, 0.0, 0.0, 0.0
-0.039, 0.05, 0.915, 18.799, -2.441, -20.569, 0.0, 0.0, 0.0
-0.041, 0.068, 0.958, -6.897, -7.324, -20.996, 0.0, 0.0, 0.0
-0.015, 0.102, 0.977, -4.089, 2.747, -10.254, 0.0, 0.0, 0.0
-0.038, 0.101, 0.949, 11.047, -19.043, -23.193, 0.0, 0.0, 0.0
-0.002, 0.087, 0.901, 15.198, -7.874, -22.949, 0.0, 0.0, 0.0
0.002, 0.096, 0.914, 16.785, -12.207, -32.043, 0.0, 0.0, 0.0
-0.027, 0.103, 0.99, 20.691, -8.85, -14.343, 0.0, 0.0, 0.0
-0.011, 0.077, 0.96, 22.095, 1.953, -8.423, 0.0, 0.0, 0.0
-0.049, 0.088, 0.894, 20.813, 2.075, -22.339, 0.0, 0.0, 0.0
-0.063, 0.115, 0.877, 8.972, -31.433, -10.62, 0.0, 0.0, 0.0
-0.069, 0.111, 0.9, 21.301, -31.86, -11.841, 0.0, 0.0, 0.0
-0.035, 0.118, 0.93, -6.165, 7.385, -22.705, 0.0, 0.0, 0.0
-0.015, 0.149, 0.9, 0.732, 10.071, -17.822, 0.0, 0.0, 0.0
-0.014, 0.162, 0.88, 0.0, 18.555, -19.775, 0.0, 0.0, 0.0
-0.033, 0.137, 0.905, -17.822, 7.568, -11.414, 0.0, 0.0, 0.0
-0.038, 0.143, 0.973, 0.427, 3.906, -13.428, 0.0, 0.0, 0.0
-0.025, 0.124, 0.942, 3.174, -7.385, -8.545, 0.0, 0.0, 0.0
-0.009, 0.139, 0.895, -16.663, -0.977, -20.874, 0.0, 0.0, 0.0
-0.011, 0.158, 0.922, -20.752, -4.517, -23.376, 0.0, 0.0, 0.0
-0.064, 0.131, 0.976, 7.08, -17.578, -9.277, 0.0, 0.0, 0.0
-0.058, 0.106, 0.912, 6.531, 6.775, -18.555, 0.0, 0.0, 0.0
-0.04, 0.141, 0.867, -23.193, 17.761, 0.183, 0.0, 0.0, 0.0
-0.053, 0.135, 0.944, -22.278, -2.869, -18.25, 0.0, 0.0, 0.0
-0.066, 0.108, 0.982, -16.785, 5.615, -19.653, 0.0, 0.0, 0.0
-0.047, 0.127, 1.017, 1.099, -2.991, -16.602, 0.0, 0.0, 0.0
-0.028, 0.157, 0.974, -21.484, 9.277, 2.686, 0.0, 0.0, 0.0
-0.051, 0.159, 0.915, -17.578, 18.005, 0.549, 0.0, 0.0, 0.0
-0.069, 0.163, 0.931, 3.662, 2.38, -22.705, 0.0, 0.0, 0.0
-0.071, 0.131, 0.981, -7.568, -18.127, -9.766, 0.0, 0.0, 0.0
-0.126, 0.107, 0.967, -5.493, 4.395, -20.264, 0.0, 0.0, 0.0
-0.13, 0.109, 0.909, 6.653, -0.488, 3.662, 0.0, 0.0, 0.0
-0.085, 0.137, 0.92, -19.775, 19.287, 6.104, 0.0, 0.0, 0.0
-0.074, 0.132, 0.967, -16.785, -5.737, 6.042, 0.0, 0.0, 0.0
-0.101, 0.143, 0.99, 4.028, 6.653, 4.944, 0.0, 0.0, 0.0
-0.076, 0.159, 0.967, 3.54, -2.991, 5.92, 0.0, 0.0, 0.0
-0.062, 0.161, 0.958, 5.676, -3.479, 3.052, 0.0, 0.0, 0.0
-0.09, 0.158, 0.959, 7.507, -6.653, -17.761, 0.0, 0.0, 0.0
-0.104, 0.177, 0.946, 4.578, -3.357, -18.066, 0.0, 0.0, 0.0
-0.123, 0.168, 0.95, 4.089, 16.052, 0.61, 0.0, 0.0, 0.0
-0.141, 0.149, 0.887, -7.568, -3.418, 7.629, 0.0, 0.0, 0.0
-0.115, 0.192, 0.924, 4.395, -7.751, -7.141, 0.0, 0.0, 0.0
-0.07, 0.176, 0.975, 6.287, -16.663, 3.845, 0.0, 0.0, 0.0