### File1
### Start time : 2024/04/02 16:43:27
### ACC FSR:2G
### GYRO FSR:2000
### MAG DATA:MAG OFF
### Interrupt Threshold:0101
### Data Rate:50Hz
### Data Type:9X DATA
### Feature:6X_LP_QUAT
### Gyro Cal:NO
### Gyro Data:CAL
### Acc Data:RAW
accX, accY, accZ, gyroX, gyroY, gyroZ, magX, magY, magZ
0.094, 0.085, 1.073, -6.226, 2.441, -0.122, 0.0, 0.0, 0.0
0.015, 0.034, 1.141, 33.264, 35.889, 16.235, 0.0, 0.0, 0.0
-0.045, 0.041, 1.061, 28.992, 27.893, -5.493, 0.0, 0.0, 0.0
-0.044, 0.043, 1.099, 32.41, 24.231, -7.629, 0.0, 0.0, 0.0
-0.052, 0.023, 1.159, 36.133, 34.607, -4.089, 0.0, 0.0, 0.0
-0.027, -0.009, 1.169, 36.438, 12.634, 6.592, 0.0, 0.0, 0.0
-0.054, 0.021, 1.13, 10.254, 18.921, -18.311, 0.0, 0.0, 0.0
-0.084, 0.096, 1.093, 7.507, -1.526, -22.644, 0.0, 0.0, 0.0
-0.083, 0.043, 1.106, -14.954, 5.92, -18.799, 0.0, 0.0, 0.0
-0.041, 0.063, 1.13, -36.926, 6.592, -22.705, 0.0, 0.0, 0.0
-0.027, 0.0, 1.141, -34.119, -6.409, -11.963, 0.0, 0.0, 0.0
-0.029, -0.033, 1.141, -15.198, 2.136, -22.156, 0.0, 0.0, 0.0
-0.028, -0.025, 1.124, -36.987, -12.695, 7.019, 0.0, 0.0, 0.0
-0.027, -0.065, 1.147, -28.931, -34.607, -7.202, 0.0, 0.0, 0.0
-0.012, -0.019, 1.121, -9.338, -10.559, -15.564, 0.0, 0.0, 0.0
-0.054, 0.046, 1.113, 1.465, -22.217, -15.259, 0.0, 0.0, 0.0
-0.031, -0.003, 1.028, -23.376, -12.451, -9.644, 0.0, 0.0, 0.0
-0.005, -0.053, 1.095, -26.917, -25.818, 0.854, 0.0, 0.0, 0.0
-0.01, -0.038, 1.113, -26.489, -50.354, 2.686, 0.0, 0.0, 0.0
0.003, 0.005, 1.114, -33.02, -37.415, -13.245, 0.0, 0.0, 0.0
0.025, 0.003, 1.102, -16.113, -37.476, -38.391, 0.0, 0.0, 0.0
0.188, 0.132, 0.605, 6.592, -25.085, -10.62, 0.0, 0.0, 0.0
-0.089, 0.067, 1.29, -21.301, 71.228, 21.301, 0.0, 0.0, 0.0
-0.034, -0.102, 1.192, -37.292, -4.456, 32.837, 0.0, 0.0, 0.0
-0.014, -0.085, 1.084, -10.376, -31.25, 12.39, 0.0, 0.0, 0.0
-0.025, -0.047, 1.076, -16.113, -26.978, 4.883, 0.0, 0.0, 0.0
-0.001, -0.014, 1.085, -12.634, -42.175, -9.766, 0.0, 0.0, 0.0
0.02, 0.026, 1.022, -37.17, -43.701, -11.169, 0.0, 0.0, 0.0
0.014, 0.141, 0.947, -22.034, -41.138, -20.691, 0.0, 0.0, 0.0
-0.022, 0.039, 0.945, -19.47, -53.223, 5.615, 0.0, 0.0, 0.0
0.074, 0.031, 0.887, -19.958, -53.467, 4.7, 0.0, 0.0, 0.0
0.091, -0.01, 0.969, -14.282, -24.17, -1.526, 0.0, 0.0, 0.0
0.11, -0.026, 0.988, -9.705, -31.555, 16.846, 0.0, 0.0, 0.0
0.146, -0.024, 0.944, -22.095, -10.071, 21.912, 0.0, 0.0, 0.0
0.102, -0.081, 0.967, -21.973, 4.15, 12.451, 0.0, 0.0, 0.0
0.045, -0.05, 0.926, -16.113, -3.479, 17.944, 0.0, 0.0, 0.0
0.1, -0.051, 0.889, -14.038, -1.526, -6.714, 0.0, 0.0, 0.0
0.09, -0.077, 1.036, -25.818, 20.752, -5.798, 0.0, 0.0, 0.0
0.095, -0.04, 1.033, -12.329, -2.197, -3.235, 0.0, 0.0, 0.0
0.068, -0.068, 0.982, 0.61, -7.202, -0.488, 0.0, 0.0, 0.0
0.072, -0.081, 0.938, -20.813, -16.968, 16.907, 0.0, 0.0, 0.0
0.028, -0.106, 0.961, -13.123, -16.541, 15.991, 0.0, 0.0, 0.0
0.074, -0.095, 0.988, 4.333, 0.916, 1.831, 0.0, 0.0, 0.0
0.08, -0.084, 0.986, 21.851, -16.785, -19.287, 0.0, 0.0, 0.0
0.077, -0.087, 0.905, 21.484, -19.226, -19.714, 0.0, 0.0, 0.0
0.104, -0.116, 0.877, -7.08, 7.629, -18.738, 0.0, 0.0, 0.0
0.076, -0.091, 0.932, 2.197, 20.386, -16.113, 0.0, 0.0, 0.0
0.095, -0.124, 0.967, -9.277, -17.029, 2.808, 0.0, 0.0, 0.0
0.088, -0.133, 0.999, -33.447, -8.301, 6.714, 0.0, 0.0, 0.0
0.081, -0.09, 1.01, -19.836, 3.784, -5.31, 0.0, 0.0, 0.0
0.037, -0.053, 0.949, 17.395, -6.653, -6.897, 0.0, 0.0, 0.0
0.097, -0.051, 0.865, 25.513, 9.277, 4.028, 0.0, 0.0, 0.0
0.063, -0.066, 0.889, 37.72, 66.467, 6.287, 0.0, 0.0, 0.0
-0.002, -0.054, 0.971, 17.7, 45.654, 6.104, 0.0, 0.0, 0.0
0.007, -0.021, 0.973, -18.555, -4.517, -7.446, 0.0, 0.0, 0.0
0.004, 0.036, 0.935, -17.7, -19.043, -3.418, 0.0, 0.0, 0.0
-0.011, -0.005, 0.944, 33.081, -3.357, -7.141, 0.0, 0.0, 0.0
0.032, 0.025, 0.901, 40.894, 1.221, 6.836, 0.0, 0.0, 0.0
0.086, 0.037, 0.874, 27.832, -13.489, 5.615, 0.0, 0.0, 0.0
0.111, 0.037, 0.881, 18.372, -38.269, 1.709, 0.0, 0.0, 0.0
0.074, 0.021, 0.91, -32.166, -24.353, -17.883, 0.0, 0.0, 0.0
0.026, 0.025, 0.875, -42.908, -13.55, -21.179, 0.0, 0.0, 0.0
0.053, 0.034, 1.034, -38.391, 9.644, -8.179, 0.0, 0.0, 0.0
0.064, 0.016, 0.998, -16.418, 18.677, -18.86, 0.0, 0.0, 0.0
0.08, -0.025, 0.869, -2.991, 7.568, 4.578, 0.0, 0.0, 0.0
0.051, -0.086, 0.889, 17.639, 32.837, -6.287, 0.0, 0.0, 0.0
-0.018, -0.038, 1.021, 9.827, 45.715, -6.409, 0.0, 0.0, 0.0
-0.02, 0.062, 1.067, 20.813, 38.879, 6.958, 0.0, 0.0, 0.0
-0.036, 0.066, 1.005, 16.968, 18.799, -5.676, 0.0, 0.0, 0.0
-0.03, 0.001, 1.014, 6.897, 6.836, -7.446, 0.0, 0.0, 0.0
-0.039, -0.039, 1.038, 3.845, -10.193, 4.883, 0.0, 0.0, 0.0
-0.065, -0.007, 1.028, -5.554, -11.475, 6.592, 0.0, 0.0, 0.0
0.067, 0.052, 0.869, 8.362, -49.805, 16.846, 0.0, 0.0, 0.0
0.04, 0.078, 0.864, 25.757, -8.118, 10.132, 0.0, 0.0, 0.0