### File1
### Start time : 2024/04/10 14:08:43
### ACC FSR:8G
### GYRO FSR:1000
### MAG DATA:Raw_MAG
### Interrupt Threshold:0102
### Data Rate:50Hz
### Data Type:9X DATA
### Feature:6X_LP_QUAT
### Gyro Cal:NO
### Gyro Data:CAL
### Acc Data:RAW
accX, accY, accZ, gyroX, gyroY, gyroZ, magX, magY, magZ
-0.028, 0.002, 1.006, -8.82, 10.223, 3.51, 0.0, 0.0, 0.0
-0.028, 0.003, 1.005, -8.85, 9.613, 3.357, 0.0, 0.0, 0.0
-0.028, 0.001, 1.007, -9.033, 9.369, 3.204, 0.0, 0.0, 0.0
-0.022, -0.065, 1.004, -8.972, 9.064, 8.27, 0.0, 0.0, 0.0
-0.025, 0.001, 1.003, -8.514, 10.193, 8.362, 0.0, 0.0, 0.0
-0.029, 0.002, 1.005, -8.667, 11.353, -3.662, 0.0, 0.0, 0.0
-0.029, 0.004, 1.006, -9.003, 9.827, 3.632, 0.0, 0.0, 0.0
-0.029, 0.003, 1.003, -9.277, 7.813, 3.571, 0.0, 0.0, 0.0
-0.029, 0.002, 1.004, -9.033, 8.148, -3.876, 0.0, 0.0, 0.0
-0.029, 0.002, 1.002, -8.881, 9.186, 3.876, 0.0, 0.0, 0.0
-0.03, 0.004, 1.005, -8.606, 10.437, 3.51, 0.0, 0.0, 0.0
-0.03, 0.005, 1.004, -8.881, 10.59, 3.632, 0.0, 0.0, 0.0
-0.022, -0.065, 1.001, -9.003, 3.998, 8.728, 0.0, 0.0, 0.0
-0.03, 0.001, 1.007, -9.155, 10.803, -1.404, 0.0, 0.0, 0.0
-0.03, 0.001, 1.006, -9.125, 8.331, -3.845, 0.0, 0.0, 0.0
-0.028, 0.003, 1.005, -8.911, 7.996, 3.265, 0.0, 0.0, 0.0
-0.029, 0.004, 1.007, -9.064, 8.85, 3.387, 0.0, 0.0, 0.0
-0.028, 0.002, 1.004, -9.247, 10.01, 3.448, 0.0, 0.0, 0.0
-0.028, 0.002, 1.004, -8.972, 10.986, 3.418, 0.0, 0.0, 0.0
-0.031, 0.004, 1.004, -8.881, 4.272, 3.387, 0.0, 0.0, 0.0
0.031, 0.004, 1.005, -8.85, 5.005, 3.448, 0.0, 0.0, 0.0
-0.031, 0.003, 1.004, -9.033, 4.486, 3.296, 0.0, 0.0, 0.0
-0.031, 0.004, 1.004, -9.155, 4.15, 3.296, 0.0, 0.0, 0.0
-0.031, 0.003, 1.005, -9.064, 4.242, 3.357, 0.0, 0.0, 0.0
-0.031, 0.003, 1.004, -9.033, 4.15, 3.357, 0.0, 0.0, 0.0
0.024, 0.002, 0.93, -8.636, 3.571, 17.822, 0.0, 0.0, 0.0
0.026, 0.008, 1.002, -8.759, -1.373, 5.89, 0.0, 0.0, 0.0
0.026, 0.004, 1.001, -8.545, -0.977, 18.738, 0.0, 0.0, 0.0
0.029, 0.0, 1.003, -8.85, 8.026, 4.272, 0.0, 0.0, 0.0
-0.031, 0.002, 1.005, -9.216, 9.674, -3.448, 0.0, 0.0, 0.0
-0.028, 0.003, 1.001, -8.942, 10.59, 3.174, 0.0, 0.0, 0.0
0.029, 0.002, 1.006, -9.003, 4.364, 3.143, 0.0, 0.0, 0.0
0.031, 0.003, 1.007, -9.125, 10.59, 3.326, 0.0, 0.0, 0.0
-0.031, 0.002, 1.004, -9.125, 8.82, 3.326, 0.0, 0.0, 0.0
-0.03, 0.001, 1.004, -8.911, 8.423, 3.296, 0.0, 0.0, 0.0
0.03, 0.002, 1.007, -8.942, 8.423, 3.448, 0.0, 0.0, 0.0
0.031, 0.002, 1.005, -9.033, 8.087, 3.204, 0.0, 0.0, 0.0
-0.03, 0.002, 1.003, -9.155, 8.148, 3.174, 0.0, 0.0, 0.0
0.031, 0.003, 1.005, -8.972, 8.698, 3.235, 0.0, 0.0, 0.0
0.031, 0.003, 1.006, -8.942, 8.27, 3.204, 0.0, 0.0, 0.0
-0.031, 0.002, 1.004, -8.82, -0.122, 3.204, 0.0, 0.0, 0.0
-0.031, 0.003, 1.005, -9.033, -0.153, 3.265, 0.0, 0.0, 0.0
-0.031, 0.003, 1.004, -9.155, 8.24, 3.387, 0.0, 0.0, 0.0
-0.031, 0.002, 1.004, -9.094, 8.118, 3.418, 0.0, 0.0, 0.0
-0.03, 0.002, 1.004, -8.85, 9.247, 3.357, 0.0, 0.0, 0.0
0.029, 0.002, 1.006, -8.972, 11.017, 3.296, 0.0, 0.0, 0.0
-0.031, 0.003, 1.005, -9.094, 10.437, 3.296, 0.0, 0.0, 0.0
0.029, 0.002, 1.005, -9.094, 8.545, 3.357, 0.0, 0.0, 0.0
-0.03, 0.002, 1.004, -9.003, 8.575, 3.357, 0.0, 0.0, 0.0
-0.031, 0.002, 1.003, -8.972, 10.01, 3.387, 0.0, 0.0, 0.0
-0.031, 0.004, 1.005, -8.942, 4.456, 3.296, 0.0, 0.0, 0.0
0.028, 0.002, 1.007, -9.125, 4.364, 3.265, 0.0, 0.0, 0.0
0.028, 0.003, 1.006, -9.033, 9.216, 3.296, 0.0, 0.0, 0.0
-0.031, 0.002, 1.003, -9.033, 8.118, 3.235, 0.0, 0.0, 0.0
-0.031, 0.003, 1.001, -9.094, 9.857, 3.265, 0.0, 0.0, 0.0
0.029, 0.003, 1.006, -9.003, 4.028, 3.418, 0.0, 0.0, 0.0
0.029, 0.003, 1.006, -8.972, 11.292, 3.326, 0.0, 0.0, 0.0
0.029, 0.002, 1.006, -9.094, 10.071, 3.326, 0.0, 0.0, 0.0
0.027, 0.004, 1.005, -8.85, 8.545, 3.296, 0.0, 0.0, 0.0
0.03, 0.003, 1.004, -8.881, -0.671, 3.387, 0.0, 0.0, 0.0
0.031, 0.004, 1.004, -8.85, -0.427, 3.357, 0.0, 0.0, 0.0
0.029, 0.004, 1.004, -8.942, 8.759, 3.235, 0.0, 0.0, 0.0
0.028, 0.004, 1.005, -9.155, 8.942, 3.113, 0.0, 0.0, 0.0
0.029, 0.002, 1.004, -9.155, 8.575, 3.235, 0.0, 0.0, 0.0
0.029, 0.004, 1.005, -9.094, 9.43, 3.387, 0.0, 0.0, 0.0
0.028, 0.002, 1.006, -9.033, 8.972, 3.387, 0.0, 0.0, 0.0
0.029, 0.003, 1.006, -9.003, -1.099, 3.265, 0.0, 0.0, 0.0
0.031, 0.003, 1.005, -9.216, -0.977, 3.082, 0.0, 0.0, 0.0
-0.031, 0.002, 1.003, -9.308, 8.942, 3.265, 0.0, 0.0, 0.0
0.029, 0.002, 1.004, -9.094, 10.498, 3.357, 0.0, 0.0, 0.0
0.029, 0.003, 1.004, -8.972, 11.475, 3.418, 0.0, 0.0, 0.0
0.028, 0.003, 1.006, -8.942, 11.597, 3.418, 0.0, 0.0, 0.0
0.027, 0.001, 1.005, -9.277, 9.888, 3.296, 0.0, 0.0, 0.0
0.028, 0.001, 1.003, -9.064, 9.125, 3.357, 0.0, 0.0, 0.0
0.029, 0.002, 1.006, -9.033, 9.949, 3.387, 0.0, 0.0, 0.0
0.028, 0.002, 1.006, -9.003, 10.193, 3.204, 0.0, 0.0, 0.0
0.027, 0.002, 1.005, -9.277, 9.277, 3.235, 0.0, 0.0, 0.0
0.027, 0.002, 1.005, -9.094, 8.179, 3.113, 0.0, 0.0, 0.0
0.028, 0.002, 1.005, -9.125, 8.179, 3.326, 0.0, 0.0, 0.0
0.028, 0.002, 1.004, -9.094, 9.155, 3.387, 0.0, 0.0, 0.0
0.029, 0.003, 1.005, -9.003, 9.003, 3.204, 0.0, 0.0, 0.0
0.029, 0.001, 1.004, -9.338, 9.979, 0.793, 0.0, 0.0, 0.0
0.026, 0.0, 1.007, -9.583, 10.01, -10.986, 0.0, 0.0, 0.0
0.026, 0.006, 1.005, -9.277, -1.709, -5.707, 0.0, 0.0, 0.0
0.029, 0.004, 1.003, -9.033, -2.625, -6.439, 0.0, 0.0, 0.0
0.025, 0.006, 1.007, -9.247, -2.228, -19.196, 0.0, 0.0, 0.0
0.03, 0.006, 1.001, -9.155, -1.465, -6.5, 0.0, 0.0, 0.0
0.021, -0.033, 1.011, -8.27, -0.946, 14.282, 0.0, 0.0, 0.0
-0.03, 0.008, 1.004, -7.965, -8.179, 42.236, 0.0, 0.0, 0.0
-0.022, -0.064, 1.01, -8.728, 1.709, 29.541, 0.0, 0.0, 0.0
0.025, 0.008, 1.012, -7.965, -8.759, 39.398, 0.0, 0.0, 0.0
-0.026, 0.014, 1.005, 3.113, -8.057, 38.635, 0.0, 0.0, 0.0
-0.022, -0.073, 1.006, 6.927, 9.247, 49.5, 0.0, 0.0, 0.0
-0.008, -0.033, 0.931, 6.012, -2.594, 64.606, 0.0, 0.0, 0.0
0.07, -0.021, 1.012, -17.7, 9.094, 21.82, 0.0, 0.0, 0.0
-0.02, -0.064, 1.011, 9.308, 5.463, -0.122, 0.0, 0.0, 0.0
0.031, 0.01, 1.002, 6.989, 4.089, 9.46, 0.0, 0.0, 0.0
-0.031, 0.017, 1.012, 4.425, 9.094, 9.125, 0.0, 0.0, 0.0
-0.024, 0.012, 1.006, 7.965, 3.052, 17.212, 0.0, 0.0, 0.0
0.076, 0.017, 1.005, -2.258, -3.815, 6.104, 0.0, 0.0, 0.0
-0.021, 0.009, 1.014, -13.367, -9.705, -7.385, 0.0, 0.0, 0.0
0.022, -0.092, 1.009, -26.733, 4.73, -6.5, 0.0, 0.0, 0.0
-0.024, -0.073, 0.936, -24.261, 6.073, 4.333, 0.0, 0.0, 0.0
-0.015, 0.007, 1.009, -18.158, 9.277, 6.042, 0.0, 0.0, 0.0
-0.025, 0.003, 1.011, -6.622, 25.085, 5.89, 0.0, 0.0, 0.0
-0.003, 0.002, 1.008, -6.134, 40.68, 25.665, 0.0, 0.0, 0.0
0.063, 0.009, 1.017, -20.172, 56.274, 12.421, 0.0, 0.0, 0.0
-0.017, 0.004, 1.019, -55.328, 82.458, -9.949, 0.0, 0.0, 0.0
-0.025, 0.012, 0.931, -73.364, 116.791, -26.642, 0.0, 0.0, 0.0
0.008, -0.043, 0.921, -57.068, 83.679, -23.682, 0.0, 0.0, 0.0
0.015, -0.046, 0.937, -35.309, 37.964, -17.273, 0.0, 0.0, 0.0
-0.023, -0.064, 0.929, -30.518, 26.367, -31.342, 0.0, 0.0, 0.0
0.004, -0.069, 1.006, -13.977, -17.151, -48.157, 0.0, 0.0, 0.0
-0.038, -0.093, 1.018, -7.782, -13.458, -32.654, 0.0, 0.0, 0.0
-0.088, -0.033, 1.018, -18.494, 6.5, 4.822, 0.0, 0.0, 0.0
0.024, 0.007, 1.028, -48.584, 54.626, 41.107, 0.0, 0.0, 0.0
0.064, 0.012, 0.933, -66.62, 114.807, 26.917, 0.0, 0.0, 0.0
-0.063, -0.087, 1.002, -70.526, 102.386, 0.702, 0.0, 0.0, 0.0
-0.131, -0.034, 1.013, -65.643, 88.776, -17.395, 0.0, 0.0, 0.0
-0.098, -0.048, 0.935, -48.126, 84.961, -3.265, 0.0, 0.0, 0.0
-0.107, -0.127, 1.004, -42.45, 78.43, 31.25, 0.0, 0.0, 0.0
-0.076, -0.035, 0.932, -46.997, 82.367, 30.548, 0.0, 0.0, 0.0
-0.034, -0.129, 0.927, -34.18, 69.397, -3.632, 0.0, 0.0, 0.0
-0.099, -0.134, 1.007, -16.663, 34.607, -7.629, 0.0, 0.0, 0.0
-0.151, -0.056, 1.014, -11.169, 29.877, -0.366, 0.0, 0.0, 0.0
-0.099, -0.136, 1.016, -16.693, 65.857, 11.81, 0.0, 0.0, 0.0
-0.065, -0.035, 0.968, -23.346, 97.595, 18.646, 0.0, 0.0, 0.0
0.001, -0.079, 0.965, -34.424, 56.061, -28.595, 0.0, 0.0, 0.0
-0.193, -0.042, 1.027, -10.223, -21.759, -64.789, 0.0, 0.0, 0.0
-0.265, -0.134, 1.019, -17.609, 15.717, -47.18, 0.0, 0.0, 0.0
-0.254, -0.127, 1.011, -34.637, 59.357, -1.495, 0.0, 0.0, 0.0
-0.103, -0.042, 0.961, -40.68, 83.832, 27.802, 0.0, 0.0, 0.0
-0.066, -0.06, 0.924, -16.632, 9.949, -0.488, 0.0, 0.0, 0.0
-0.143, -0.216, 0.932, 21.301, -84.076, -40.161, 0.0, 0.0, 0.0
-0.034, -0.147, 1.012, 48.615, -99.64, -32.684, 0.0, 0.0, 0.0
-0.088, -0.049, 1.063, 27.527, -78.033, -6.104, 0.0, 0.0, 0.0
-0.07, -0.05, 0.98, 2.625, 34.393, 9.521, 0.0, 0.0, 0.0
-0.018, -0.034, 0.934, -33.051, 99.365, 4.089, 0.0, 0.0, 0.0
0.01, -0.125, 0.919, -17.273, 63.843, -18.89, 0.0, 0.0, 0.0
-0.139, -0.144, 0.919, 9.613, 9.705, -39.856, 0.0, 0.0, 0.0
-0.191, -0.142, 1.012, 4.456, -18.738, -21.79, 0.0, 0.0, 0.0
-0.119, -0.134, 1.018, 3.815, 7.019, -1.526, 0.0, 0.0, 0.0
-0.081, -0.056, 0.933, -24.841, 65.308, 11.505, 0.0, 0.0, 0.0
-0.087, -0.148, 0.967, -9.888, 35.767, -14.435, 0.0, 0.0, 0.0
-0.155, -0.103, 1.004, 26.001, -26.276, -28.442, 0.0, 0.0, 0.0
-0.195, -0.051, 1.071, 27.069, -17.792, -26.215, 0.0, 0.0, 0.0
-0.215, -0.092, 0.98, 17.761, 65.796, 10.254, 0.0, 0.0, 0.0
-0.049, 0.024, 0.957, -19.47, 136.536, 31.525, 0.0, 0.0, 0.0
-0.08, 0.012, 0.968, -26.672, 99.64, 5.92, 0.0, 0.0, 0.0
-0.204, -0.138, 1.012, -2.533, 42.908, -21.332, 0.0, 0.0, 0.0
-0.264, -0.116, 0.937, 19.287, 34.363, -25.513, 0.0, 0.0, 0.0
-0.156, -0.128, 0.929, 10.895, 50.446, 2.777, 0.0, 0.0, 0.0
-0.135, -0.084, 1.005, 2.899, 53.68, 17.822, 0.0, 0.0, 0.0
-0.084, -0.076, 0.924, 9.399, 63.66, -7.08, 0.0, 0.0, 0.0
-0.181, -0.114, 1.025, 14.374, 32.837, -40.039, 0.0, 0.0, 0.0
-0.274, -0.193, 0.972, 8.942, 68.451, -9.796, 0.0, 0.0, 0.0
0.01, 0.004, 0.868, -6.531, 133.667, 15.778, 0.0, 0.0, 0.0
-0.078, 0.02, 0.963, 16.693, 35.919, -28.107, 0.0, 0.0, 0.0
-0.262, -0.134, 0.978, 22.491, -19.226, -59.845, 0.0, 0.0, 0.0
-0.262, -0.135, 1.021, 7.385, 47.272, -47.211, 0.0, 0.0, 0.0
-0.255, -0.13, 1.007, -1.923, 85.999, -17.151, 0.0, 0.0, 0.0
-0.132, -0.072, 0.959, -3.845, 98.663, -0.275, 0.0, 0.0, 0.0
-0.042, 0.029, 0.944, 65.735, -45.929, -74.585, 0.0, 0.0, 0.0
-0.236, -0.042, 1.026, 38.971, 3.326, -65.704, 0.0, 0.0, 0.0
-0.265, -0.083, 0.948, 11.658, 64.301, -22.43, 0.0, 0.0, 0.0
-0.206, 0.01, 0.915, 1.587, 38.696, -6.866, 0.0, 0.0, 0.0
-0.218, 0.005, 0.917, 15.961, 5.432, -34.79, 0.0, 0.0, 0.0
-0.319, -0.032, 1.006, 13.641, 1.495, -47.394, 0.0, 0.0, 0.0
-0.314, -0.042, 0.96, -1.648, 36.835, -20.416, 0.0, 0.0, 0.0
-0.218, 0.007, 0.955, -20.569, 87.952, -11.719, 0.0, 0.0, 0.0
-0.206, -0.074, 0.91, -21.057, 52.124, -20.111, 0.0, 0.0, 0.0
-0.228, -0.134, 0.935, -3.357, 6.561, -27.435, 0.0, 0.0, 0.0
-0.323, -0.128, 1.022, 5.188, 14.282, -5.463, 0.0, 0.0, 0.0
-0.183, -0.068, 0.921, -6.348, 70.251, 16.052, 0.0, 0.0, 0.0
-0.105, 0.028, 0.91, -26.733, 95.917, -0.61, 0.0, 0.0, 0.0
-0.172, -0.041, 0.932, 1.984, 44.83, -19.287, 0.0, 0.0, 0.0
-0.222, -0.144, 0.931, 9.827, 48.706, -11.963, 0.0, 0.0, 0.0
-0.256, -0.129, 0.934, 2.777, 61.859, 0.275, 0.0, 0.0, 0.0
-0.118, 0.0, 0.915, -2.38, 71.93, -8.82, 0.0, 0.0, 0.0
-0.194, 0.012, 0.967, 25.024, 29.663, -40.955, 0.0, 0.0, 0.0
-0.241, -0.037, 0.934, 27.954, -1.678, -53.619, 0.0, 0.0, 0.0
-0.235, -0.045, 0.917, 7.172, 41.321, -55.115, 0.0, 0.0, 0.0
-0.253, -0.091, 0.967, -5.371, 59.998, -37.354, 0.0, 0.0, 0.0
-0.164, -0.067, 0.962, -16.083, 50.964, -44.067, 0.0, 0.0, 0.0
-0.277, -0.039, 0.915, 9.857, 18.738, -59.052, 0.0, 0.0, 0.0