### File1
### Start time : 2024/04/10 14:07:50
### ACC FSR:8G
### GYRO FSR:1000
### MAG DATA:Raw_MAG
### Interrupt Threshold:0102
### Data Rate:50Hz
### Data Type:9X DATA
### Feature:6X_LP_QUAT
### Gyro Cal:NO
### Gyro Data:CAL
### Acc Data:RAW
accX, accY, accZ, gyroX, gyroY, gyroZ, magX, magY, magZ
0.024, -0.064, 1.004, -7.904, -3.082, 8.27, 0.0, 0.0, 0.0
0.019, 0.002, 1.004, -8.667, -1.16, -2.838, 0.0, 0.0, 0.0
0.02, 0.002, 1.004, -8.82, -0.641, 2.96, 0.0, 0.0, 0.0
0.02, -0.065, 1.006, -8.698, -2.167, 3.693, 0.0, 0.0, 0.0
0.025, 0.007, 1.003, -8.972, 8.606, 10.895, 0.0, 0.0, 0.0
-0.026, -0.078, 1.005, -8.484, -1.343, 16.785, 0.0, 0.0, 0.0
0.027, 0.0, 1.004, -8.942, 8.057, 16.693, 0.0, 0.0, 0.0
-0.029, 0.006, 1.008, -9.003, 10.376, 7.507, 0.0, 0.0, 0.0
0.019, -0.067, 1.006, -9.369, 5.31, 8.27, 0.0, 0.0, 0.0
-0.008, -0.077, 1.001, -9.735, 11.078, -1.74, 0.0, 0.0, 0.0
-0.026, -0.076, 0.936, -8.789, -0.336, -4.7, 0.0, 0.0, 0.0
0.025, 0.003, 1.001, -9.155, -0.58, 14.13, 0.0, 0.0, 0.0
0.028, 0.03, 1.007, -17.914, 10.01, 15.167, 0.0, 0.0, 0.0
0.025, -0.067, 1.013, -25.269, 7.019, 11.719, 0.0, 0.0, 0.0
0.007, -0.089, 1.025, -31.006, 45.258, 24.139, 0.0, 0.0, 0.0
0.027, -0.068, 1.001, -65.887, 91.278, 21.118, 0.0, 0.0, 0.0
-0.066, -0.065, 0.915, -64.575, 79.956, 30.457, 0.0, 0.0, 0.0
0.004, -0.089, 0.936, -34.821, 33.142, 45.959, 0.0, 0.0, 0.0
-0.066, -0.086, 1.016, -17.548, 0.336, 38.574, 0.0, 0.0, 0.0
0.014, -0.082, 1.007, -14.16, 19.958, 36.224, 0.0, 0.0, 0.0
0.008, -0.069, 1.002, 0.61, 14.557, 30.731, 0.0, 0.0, 0.0
-0.073, -0.067, 1.006, 0.031, 26.947, 20.294, 0.0, 0.0, 0.0
0.006, -0.071, 0.915, -5.646, 25.177, 18.829, 0.0, 0.0, 0.0
-0.086, -0.092, 0.937, 7.477, -40.68, 12.299, 0.0, 0.0, 0.0
-0.086, -0.038, 1.03, 34.058, -56.976, 32.44, 0.0, 0.0, 0.0
-0.068, -0.031, 1.019, 5.798, 6.073, 39.368, 0.0, 0.0, 0.0
-0.016, 0.001, 0.937, -18.463, 53.223, 36.713, 0.0, 0.0, 0.0
-0.011, -0.028, 0.956, -2.014, 5.127, 13.611, 0.0, 0.0, 0.0
-0.071, 0.011, 0.924, 55.328, -110.077, 6.348, 0.0, 0.0, 0.0
-0.06, -0.084, 0.977, 54.474, -134.918, 20.66, 0.0, 0.0, 0.0
-0.085, -0.094, 1.022, 55.389, -78.43, 71.869, 0.0, 0.0, 0.0
-0.019, 0.006, 1.02, 45.837, -19.104, 104.156, 0.0, 0.0, 0.0
-0.019, 0.021, 1.009, 34.576, 24.933, 93.964, 0.0, 0.0, 0.0
0.04, -0.017, 0.934, -11.749, 27.71, 46.021, 0.0, 0.0, 0.0
-0.011, 0.002, 0.931, -6.683, -17.548, 14.16, 0.0, 0.0, 0.0
0.012, 0.002, 1.011, 2.96, -19.775, 25.635, 0.0, 0.0, 0.0
-0.065, 0.015, 1.022, -7.629, 22.186, 32.562, 0.0, 0.0, 0.0
0.018, 0.0, 0.929, -15.198, 63.049, 32.013, 0.0, 0.0, 0.0
0.002, -0.07, 0.934, -26.215, 47.119, 19.196, 0.0, 0.0, 0.0
-0.076, 0.028, 0.974, -21.79, 35.37, 11.719, 0.0, 0.0, 0.0
0.013, 0.029, 1.004, -20.325, 62.286, 24.231, 0.0, 0.0, 0.0
-0.03, 0.003, 0.922, -5.463, 44.159, 31.586, 0.0, 0.0, 0.0
0.015, -0.068, 0.926, 2.167, 16.876, 14.648, 0.0, 0.0, 0.0
-0.028, -0.064, 1.012, 0.488, -19.592, -1.007, 0.0, 0.0, 0.0
0.01, -0.078, 1.019, -7.08, -7.782, -5.31, 0.0, 0.0, 0.0
0.026, -0.083, 1.014, -6.226, 15.167, -3.448, 0.0, 0.0, 0.0
0.038, 0.001, 0.927, -18.219, 42.45, 4.883, 0.0, 0.0, 0.0
0.031, 0.015, 0.932, -39.978, 21.729, -24.75, 0.0, 0.0, 0.0
0.019, 0.004, 0.935, -40.009, -2.136, -36.804, 0.0, 0.0, 0.0
-0.086, -0.09, 1.022, -18.89, -5.157, -19.836, 0.0, 0.0, 0.0
0.004, -0.076, 1.022, -17.273, 26.794, 1.373, 0.0, 0.0, 0.0
0.016, 0.002, 1.0, -24.963, 51.514, -2.319, 0.0, 0.0, 0.0
0.001, 0.006, 0.933, -21.454, 46.265, -11.322, 0.0, 0.0, 0.0
0.019, -0.068, 0.933, -19.562, 33.356, -15.35, 0.0, 0.0, 0.0
-0.074, -0.087, 1.005, -14.954, 7.721, -20.66, 0.0, 0.0, 0.0
-0.078, -0.09, 1.021, -6.47, 7.202, -18.494, 0.0, 0.0, 0.0
-0.086, -0.088, 1.018, -17.212, 42.206, -10.193, 0.0, 0.0, 0.0
0.002, -0.08, 1.008, -14.709, 58.594, 10.101, 0.0, 0.0, 0.0
-0.001, -0.064, 0.918, -25.574, 44.861, -2.167, 0.0, 0.0, 0.0
-0.029, -0.08, 1.0, -4.303, 2.014, -19.318, 0.0, 0.0, 0.0
0.013, -0.091, 1.007, -2.045, -12.787, -13.672, 0.0, 0.0, 0.0
0.001, -0.065, 1.015, 10.62, -4.364, -15.991, 0.0, 0.0, 0.0
-0.032, 0.006, 1.015, -3.326, 14.801, -12.909, 0.0, 0.0, 0.0
-0.034, 0.015, 0.929, -16.449, 37.048, -15.594, 0.0, 0.0, 0.0
-0.129, -0.065, 0.937, -6.226, 21.271, -12.177, 0.0, 0.0, 0.0
-0.096, -0.087, 1.002, -9.308, 19.348, -11.169, 0.0, 0.0, 0.0
-0.132, -0.091, 1.009, -5.89, 33.051, 4.7, 0.0, 0.0, 0.0
-0.092, 0.012, 0.933, -13.428, 48.126, 10.651, 0.0, 0.0, 0.0
-0.102, -0.024, 0.931, -17.273, 34.821, -5.188, 0.0, 0.0, 0.0
-0.264, -0.063, 1.011, 0.641, 13.489, -5.28, 0.0, 0.0, 0.0
-0.145, 0.007, 0.925, -18.402, 27.649, 10.132, 0.0, 0.0, 0.0
-0.036, -0.084, 0.934, -20.294, 2.014, -4.211, 0.0, 0.0, 0.0
-0.068, -0.046, 1.009, -7.874, -22.064, -9.491, 0.0, 0.0, 0.0
-0.074, -0.042, 1.013, 16.479, -31.708, -0.763, 0.0, 0.0, 0.0
-0.086, -0.034, 1.017, 24.353, -18.921, 10.773, 0.0, 0.0, 0.0
-0.093, -0.069, 0.933, 23.865, 7.935, 15.778, 0.0, 0.0, 0.0
-0.035, -0.064, 0.93, 15.442, -6.134, 12.451, 0.0, 0.0, 0.0
-0.094, 0.004, 1.004, 14.862, -33.905, 17.12, 0.0, 0.0, 0.0
-0.082, 0.001, 1.006, 7.751, -34.241, 8.118, 0.0, 0.0, 0.0
-0.079, 0.0, 1.005, 11.017, -23.163, -1.984, 0.0, 0.0, 0.0
-0.074, -0.063, 1.008, -3.235, -25.543, 1.282, 0.0, 0.0, 0.0
-0.079, -0.074, 1.013, -9.216, -9.735, -12.848, 0.0, 0.0, 0.0
-0.034, -0.091, 0.928, 0.214, 16.693, -39.886, 0.0, 0.0, 0.0
-0.089, -0.083, 0.917, 27.161, -19.104, -28.442, 0.0, 0.0, 0.0
0.007, 0.016, 0.935, 46.265, -66.071, -18.005, 0.0, 0.0, 0.0
-0.067, 0.028, 1.018, 45.776, -76.08, -17.273, 0.0, 0.0, 0.0
0.016, 0.082, 1.024, 28.534, -37.72, -13.458, 0.0, 0.0, 0.0
-0.063, 0.017, 0.937, 64.667, 12.054, -0.854, 0.0, 0.0, 0.0
-0.061, 0.003, 0.92, 58.594, 41.473, 14.862, 0.0, 0.0, 0.0
-0.097, 0.022, 1.003, 50.69, 34.76, 30.945, 0.0, 0.0, 0.0
-0.132, -0.023, 1.003, 70.282, 38.635, 44.22, 0.0, 0.0, 0.0
-0.015, -0.014, 1.008, 112.762, 54.474, 41.595, 0.0, 0.0, 0.0
0.126, 0.074, 0.981, 85.266, 9.766, -2.502, 0.0, 0.0, 0.0
-0.001, -0.019, 1.009, -0.549, -19.47, -40.192, 0.0, 0.0, 0.0
0.019, 0.063, 0.934, 8.972, 9.491, 3.418, 0.0, 0.0, 0.0
-0.08, 0.01, 1.006, -10.193, 44.83, 30.151, 0.0, 0.0, 0.0
-0.075, -0.023, 1.002, -47.638, 24.689, 48.553, 0.0, 0.0, 0.0
-0.064, 0.066, 1.003, -58.899, 17.975, 32.959, 0.0, 0.0, 0.0
-0.073, 0.0, 1.014, -50.537, 50.201, -1.038, 0.0, 0.0, 0.0
-0.041, -0.029, 1.004, -37.994, 32.593, -1.221, 0.0, 0.0, 0.0
-0.055, 0.018, 1.028, -89.478, -57.007, 23.315, 0.0, 0.0, 0.0
-0.035, -0.085, 0.96, -84.9, -90.851, 29.297, 0.0, 0.0, 0.0
0.015, 0.008, 1.006, -48.767, 12.573, -51.239, 0.0, 0.0, 0.0
0.031, -0.024, 1.007, -64.514, -14.709, -89.63, 0.0, 0.0, 0.0
-0.034, 0.064, 1.014, -96.649, -68.085, -87.097, 0.0, 0.0, 0.0
0.011, 0.02, 0.934, -22.339, -8.728, -29.022, 0.0, 0.0, 0.0
-0.028, -0.086, 0.936, -19.287, 18.86, 29.175, 0.0, 0.0, 0.0
-0.065, -0.063, 1.006, -8.606, 10.01, 3.235, 0.0, 0.0, 0.0
0.001, -0.064, 1.005, -9.003, 8.27, 3.387, 0.0, 0.0, 0.0
-0.063, 0.001, 1.005, -8.881, 8.85, 3.235, 0.0, 0.0, 0.0
0.001, -0.063, 1.005, -8.911, 8.575, 3.265, 0.0, 0.0, 0.0
-0.064, -0.063, 1.006, -8.911, 8.575, 3.296, 0.0, 0.0, 0.0
-0.063, -0.063, 1.005, -9.003, 8.514, 3.326, 0.0, 0.0, 0.0
-0.063, 0.0, 1.005, -8.881, 8.636, 3.235, 0.0, 0.0, 0.0
-0.063, -0.063, 1.004, -8.972, 8.423, 3.265, 0.0, 0.0, 0.0
0.001, 0.0, 1.003, -8.972, 8.545, 3.265, 0.0, 0.0, 0.0
-0.063, 0.0, 1.006, -9.033, 8.698, 3.51, 0.0, 0.0, 0.0
-0.063, 0.0, 1.004, -8.942, 8.484, 3.326, 0.0, 0.0, 0.0
0.001, -0.064, 1.004, -9.033, 8.606, 3.265, 0.0, 0.0, 0.0
-0.063, -0.063, 1.005, -8.972, 8.545, 3.448, 0.0, 0.0, 0.0
0.001, 0.0, 1.003, -9.033, 8.179, 3.448, 0.0, 0.0, 0.0
-0.063, -0.063, 1.008, -8.789, 8.606, 3.357, 0.0, 0.0, 0.0
-0.063, -0.063, 1.005, -8.911, 8.698, 3.265, 0.0, 0.0, 0.0
0.001, -0.063, 1.004, -8.881, 8.514, 3.265, 0.0, 0.0, 0.0
-0.063, 0.0, 1.005, -8.85, 8.606, 3.326, 0.0, 0.0, 0.0
-0.063, 0.0, 1.005, -9.064, 8.575, 3.265, 0.0, 0.0, 0.0
-0.063, -0.063, 1.004, -8.911, 8.606, 3.235, 0.0, 0.0, 0.0
-0.063, 0.001, 1.005, -8.789, 8.606, 3.265, 0.0, 0.0, 0.0
-0.064, -0.063, 1.006, -8.881, 8.484, 3.357, 0.0, 0.0, 0.0
-0.063, 0.0, 1.004, -8.911, 8.698, 3.204, 0.0, 0.0, 0.0
-0.064, -0.064, 1.006, -8.82, 8.484, 3.235, 0.0, 0.0, 0.0
0.001, 0.001, 1.004, -8.881, 8.514, 3.265, 0.0, 0.0, 0.0
-0.064, 0.0, 1.006, -9.003, 8.575, 3.296, 0.0, 0.0, 0.0
0.0, 0.0, 1.006, -9.125, 8.575, 3.174, 0.0, 0.0, 0.0
0.0, 0.0, 1.004, -9.003, 8.301, 3.296, 0.0, 0.0, 0.0
-0.064, -0.063, 1.004, -9.064, 8.453, 3.418, 0.0, 0.0, 0.0
-0.063, 0.0, 1.005, -9.186, 8.484, 3.357, 0.0, 0.0, 0.0
-0.063, 0.0, 1.005, -9.064, 8.484, 3.418, 0.0, 0.0, 0.0
-0.064, -0.063, 1.006, -9.003, 8.728, 3.357, 0.0, 0.0, 0.0
-0.065, 0.001, 1.006, -9.003, 8.636, 3.265, 0.0, 0.0, 0.0
-0.063, 0.0, 1.006, -9.033, 8.545, 3.265, 0.0, 0.0, 0.0
-0.064, 0.0, 1.005, -8.972, 8.545, 3.357, 0.0, 0.0, 0.0
-0.063, 0.001, 1.006, -8.759, 8.606, 3.265, 0.0, 0.0, 0.0
0.0, 0.001, 1.005, -8.85, 8.606, 3.235, 0.0, 0.0, 0.0
0.0, -0.063, 1.005, -9.003, 8.423, 3.387, 0.0, 0.0, 0.0
-0.063, -0.063, 1.005, -9.094, 8.423, 3.387, 0.0, 0.0, 0.0
0.0, 0.0, 1.005, -8.972, 8.514, 3.296, 0.0, 0.0, 0.0
0.0, -0.063, 1.007, -8.85, 8.606, 3.143, 0.0, 0.0, 0.0
0.001, -0.063, 1.005, -8.911, 8.606, 3.296, 0.0, 0.0, 0.0
0.0, -0.063, 1.006, -8.942, 8.575, 3.265, 0.0, 0.0, 0.0
-0.064, -0.063, 1.005, -9.003, 8.545, 3.235, 0.0, 0.0, 0.0
-0.064, -0.063, 1.005, -9.003, 8.392, 3.296, 0.0, 0.0, 0.0
-0.063, -0.063, 1.004, -9.094, 8.514, 3.357, 0.0, 0.0, 0.0
0.001, 0.001, 1.005, -8.942, 8.514, 3.326, 0.0, 0.0, 0.0
-0.063, 0.0, 1.005, -9.064, 8.453, 3.113, 0.0, 0.0, 0.0
-0.063, -0.064, 1.004, -8.942, 8.606, 3.174, 0.0, 0.0, 0.0
-0.063, -0.063, 1.006, -8.759, 8.484, 3.296, 0.0, 0.0, 0.0
0.0, -0.063, 1.004, -8.972, 8.331, 3.113, 0.0, 0.0, 0.0
-0.063, 0.0, 1.005, -8.85, 8.423, 3.082, 0.0, 0.0, 0.0
-0.063, -0.063, 1.004, -8.972, 8.423, 3.296, 0.0, 0.0, 0.0
-0.063, -0.063, 1.005, -9.033, 8.392, 3.326, 0.0, 0.0, 0.0
-0.063, -0.064, 1.005, -8.942, 8.545, 3.387, 0.0, 0.0, 0.0
-0.063, 0.001, 1.005, -8.911, 8.514, 3.326, 0.0, 0.0, 0.0
-0.064, -0.064, 1.006, -8.82, 8.514, 3.204, 0.0, 0.0, 0.0
-0.063, -0.063, 1.006, -8.881, 8.606, 3.296, 0.0, 0.0, 0.0
0.0, -0.063, 1.005, -9.064, 8.484, 3.387, 0.0, 0.0, 0.0
0.001, 0.0, 1.004, -8.85, 8.545, 3.387, 0.0, 0.0, 0.0
0.001, 0.001, 1.006, -9.003, 8.331, 3.357, 0.0, 0.0, 0.0
-0.063, 0.0, 1.006, -9.003, 8.575, 3.265, 0.0, 0.0, 0.0
0.0, -0.064, 1.006, -8.881, 8.575, 3.174, 0.0, 0.0, 0.0
0.0, -0.063, 1.005, -8.911, 8.423, 3.296, 0.0, 0.0, 0.0
0.0, 0.0, 1.006, -9.003, 8.453, 3.357, 0.0, 0.0, 0.0
0.001, 0.001, 1.005, -8.82, 8.545, 3.265, 0.0, 0.0, 0.0
0.0, -0.063, 1.005, -8.789, 8.575, 3.265, 0.0, 0.0, 0.0
-0.063, -0.063, 1.005, -8.82, 8.453, 3.296, 0.0, 0.0, 0.0
-0.063, 0.001, 1.005, -8.942, 8.301, 3.174, 0.0, 0.0, 0.0
-0.063, 0.0, 1.004, -8.881, 8.606, 3.143, 0.0, 0.0, 0.0
-0.064, -0.063, 1.006, -9.003, 8.423, 3.265, 0.0, 0.0, 0.0
-0.064, 0.0, 1.005, -8.972, 8.392, 3.357, 0.0, 0.0, 0.0
-0.064, -0.063, 1.006, -8.942, 8.545, 3.265, 0.0, 0.0, 0.0
-0.063, -0.063, 1.006, -9.003, 8.545, 3.357, 0.0, 0.0, 0.0
-0.063, -0.063, 1.005, -9.064, 8.484, 3.418, 0.0, 0.0, 0.0
-0.063, -0.063, 1.004, -8.972, 8.514, 3.387, 0.0, 0.0, 0.0
-0.063, -0.063, 1.006, -8.942, 8.453, 3.387, 0.0, 0.0, 0.0
-0.064, -0.063, 1.005, -8.942, 8.514, 3.387, 0.0, 0.0, 0.0
0.001, -0.063, 1.006, -8.911, 8.606, 3.326, 0.0, 0.0, 0.0
-0.063, 0.0, 1.005, -8.911, 8.453, 3.326, 0.0, 0.0, 0.0
0.0, -0.063, 1.005, -8.972, 8.484, 3.387, 0.0, 0.0, 0.0
-0.063, 0.001, 1.006, -8.942, 8.545, 3.326, 0.0, 0.0, 0.0
0.0, -0.063, 1.004, -9.155, 8.484, 3.357, 0.0, 0.0, 0.0
-0.063, -0.064, 1.006, -9.003, 8.423, 3.326, 0.0, 0.0, 0.0
-0.063, -0.063, 1.004, -9.094, 8.453, 3.174, 0.0, 0.0, 0.0
-0.063, 0.001, 1.005, -8.881, 8.423, 3.235, 0.0, 0.0, 0.0
-0.063, 0.001, 1.005, -8.911, 8.514, 3.326, 0.0, 0.0, 0.0
0.0, 0.0, 1.006, -9.094, 8.514, 3.448, 0.0, 0.0, 0.0
0.001, 0.001, 1.004, -9.186, 8.423, 3.357, 0.0, 0.0, 0.0
-0.064, 0.0, 1.006, -9.125, 8.453, 3.357, 0.0, 0.0, 0.0
0.0, -0.063, 1.005, -9.094, 8.514, 3.357, 0.0, 0.0, 0.0
0.0, 0.001, 1.006, -8.881, 8.667, 3.174, 0.0, 0.0, 0.0
-0.063, 0.001, 1.005, -9.033, 8.606, 3.387, 0.0, 0.0, 0.0
0.0, -0.063, 1.005, -8.972, 8.453, 3.296, 0.0, 0.0, 0.0
-0.063, 0.001, 1.005, -9.003, 8.514, 3.174, 0.0, 0.0, 0.0
-0.063, -0.063, 1.006, -9.003, 8.575, 3.265, 0.0, 0.0, 0.0
0.001, -0.063, 1.005, -8.942, 8.484, 3.326, 0.0, 0.0, 0.0
-0.063, 0.0, 1.006, -9.094, 8.545, 3.418, 0.0, 0.0, 0.0
-0.063, -0.063, 1.005, -9.033, 8.575, 3.418, 0.0, 0.0, 0.0
0.0, 0.0, 1.006, -8.911, 8.484, 3.296, 0.0, 0.0, 0.0
-0.063, -0.063, 1.005, -9.125, 8.484, 3.296, 0.0, 0.0, 0.0
-0.063, 0.0, 1.006, -9.033, 8.392, 3.235, 0.0, 0.0, 0.0
-0.064, 0.0, 1.006, -9.033, 8.606, 3.326, 0.0, 0.0, 0.0
0.0, 0.0, 1.004, -8.881, 8.514, 3.296, 0.0, 0.0, 0.0
-0.064, 0.001, 1.005, -8.82, 8.362, 3.204, 0.0, 0.0, 0.0
0.0, -0.063, 1.006, -8.85, 8.453, 3.448, 0.0, 0.0, 0.0
-0.063, -0.063, 1.006, -8.911, 8.575, 3.387, 0.0, 0.0, 0.0
-0.063, -0.063, 1.005, -8.881, 8.423, 3.174, 0.0, 0.0, 0.0
-0.063, -0.063, 1.005, -8.881, 8.453, 3.326, 0.0, 0.0, 0.0
0.0, 0.0, 1.005, -8.881, 8.484, 3.265, 0.0, 0.0, 0.0
-0.063, -0.063, 1.005, -8.911, 8.453, 3.387, 0.0, 0.0, 0.0
0.001, 0.001, 1.003, -8.972, 8.392, 3.357, 0.0, 0.0, 0.0
-0.063, 0.001, 1.004, -9.064, 8.453, 3.387, 0.0, 0.0, 0.0
-0.065, 0.0, 1.005, -9.155, 8.514, 3.357, 0.0, 0.0, 0.0
-0.063, -0.063, 1.004, -9.033, 8.636, 3.357, 0.0, 0.0, 0.0
-0.063, 0.0, 1.004, -9.155, 8.362, 3.448, 0.0, 0.0, 0.0
-0.064, -0.063, 1.006, -9.064, 8.453, 3.418, 0.0, 0.0, 0.0
-0.063, -0.063, 1.005, -9.125, 8.575, 3.296, 0.0, 0.0, 0.0
-0.064, 0.001, 1.005, -9.003, 8.514, 3.357, 0.0, 0.0, 0.0
0.0, -0.063, 1.006, -8.911, 8.392, 3.326, 0.0, 0.0, 0.0
-0.064, 0.001, 1.006, -8.911, 8.453, 3.326, 0.0, 0.0, 0.0
0.0, 0.001, 1.005, -9.094, 8.514, 3.51, 0.0, 0.0, 0.0
-0.064, 0.001, 1.005, -9.094, 8.575, 3.235, 0.0, 0.0, 0.0
-0.063, -0.063, 1.004, -8.972, 8.514, 3.357, 0.0, 0.0, 0.0
-0.063, 0.001, 1.006, -8.85, 8.545, 3.235, 0.0, 0.0, 0.0
-0.064, 0.0, 1.007, -8.911, 8.423, 3.204, 0.0, 0.0, 0.0
-0.064, 0.002, 1.005, -9.155, 8.392, 3.387, 0.0, 0.0, 0.0
0.0, 0.001, 1.005, -8.972, 8.575, 3.479, 0.0, 0.0, 0.0
0.0, -0.064, 1.005, -9.003, 8.575, 3.296, 0.0, 0.0, 0.0
0.0, 0.0, 1.005, -8.789, 8.484, 3.326, 0.0, 0.0, 0.0
0.0, -0.063, 1.005, -8.911, 8.392, 3.357, 0.0, 0.0, 0.0
-0.063, 0.0, 1.004, -8.911, 8.484, 3.204, 0.0, 0.0, 0.0
0.001, 0.0, 1.006, -9.033, 8.423, 3.296, 0.0, 0.0, 0.0
-0.065, 0.0, 1.003, -9.003, 8.514, 3.387, 0.0, 0.0, 0.0
-0.064, -0.063, 1.005, -9.064, 8.423, 3.418, 0.0, 0.0, 0.0
-0.064, 0.001, 1.005, -8.82, 8.514, 3.235, 0.0, 0.0, 0.0
-0.063, -0.063, 1.006, -9.003, 8.545, 3.326, 0.0, 0.0, 0.0
-0.063, -0.064, 1.006, -9.064, 8.545, 3.326, 0.0, 0.0, 0.0
-0.063, -0.063, 1.005, -9.064, 8.392, 3.326, 0.0, 0.0, 0.0
0.0, 0.001, 1.005, -9.125, 8.453, 3.265, 0.0, 0.0, 0.0
0.0, -0.064, 1.005, -9.033, 8.423, 3.418, 0.0, 0.0, 0.0
-0.063, -0.063, 1.005, -9.094, 8.545, 3.387, 0.0, 0.0, 0.0
-0.063, 0.0, 1.006, -9.064, 8.484, 3.387, 0.0, 0.0, 0.0
0.012, -0.065, 0.934, -9.003, 8.545, 3.387, 0.0, 0.0, 0.0
0.153, -0.085, 1.005, -4.822, -17.12, 96.558, 0.0, 0.0, 0.0
-0.168, -0.092, 0.975, -5.31, -14.343, 174.194, 0.0, 0.0, 0.0
0.141, 0.069, 0.971, -11.108, -22.095, 205.231, 0.0, 0.0, 0.0
0.126, -0.085, 1.011, -2.289, -100.403, 229.126, 0.0, 0.0, 0.0
0.002, -0.035, 1.013, 10.681, -134.644, 172.577, 0.0, 0.0, 0.0
0.094, -0.005, 1.016, -2.35, -119.476, 149.597, 0.0, 0.0, 0.0
0.131, -0.069, 0.909, 18.738, -104.492, 130.524, 0.0, 0.0, 0.0
0.077, -0.134, 0.961, 29.602, -31.555, 74.28, 0.0, 0.0, 0.0
-0.018, -0.127, 1.003, -35.278, 22.125, 62.592, 0.0, 0.0, 0.0
0.134, -0.012, 0.993, -74.127, 13.336, 63.11, 0.0, 0.0, 0.0
0.067, -0.026, 1.031, -42.816, -11.017, 49.042, 0.0, 0.0, 0.0
-0.059, -0.098, 1.0, -40.649, 23.651, 66.132, 0.0, 0.0, 0.0
0.03, -0.051, 1.013, -90.881, 94.849, 85.052, 0.0, 0.0, 0.0
0.006, -0.042, 0.955, -128.113, 93.475, 78.766, 0.0, 0.0, 0.0
-0.134, -0.059, 0.958, -74.524, 39.459, 36.285, 0.0, 0.0, 0.0
-0.025, -0.026, 1.026, -50.69, -76.08, 26.855, 0.0, 0.0, 0.0
0.015, 0.002, 0.967, 50.232, -291.687, 26.886, 0.0, 0.0, 0.0
-0.021, -0.152, 0.993, 158.356, -259.674, 32.745, 0.0, 0.0, 0.0
0.082, -0.032, 0.984, -3.693, -47.241, 10.101, 0.0, 0.0, 0.0
0.115, -0.074, 0.906, -61.707, 104.523, 0.58, 0.0, 0.0, 0.0
0.165, 0.001, 0.926, -89.233, 141.602, -26.611, 0.0, 0.0, 0.0
0.094, -0.155, 1.023, -88.745, 130.585, -20.172, 0.0, 0.0, 0.0
0.049, -0.153, 1.005, -55.939, 157.288, -3.876, 0.0, 0.0, 0.0
0.059, -0.053, 0.923, 6.622, 92.529, 56.793, 0.0, 0.0, 0.0
0.18, -0.018, 0.936, -26.917, 191.864, 42.236, 0.0, 0.0, 0.0
0.099, 0.029, 0.941, -2.228, 136.078, -35.095, 0.0, 0.0, 0.0
-0.083, -0.104, 0.931, 57.251, -78.186, -50.873, 0.0, 0.0, 0.0
-0.092, -0.1, 1.068, 46.936, 35.217, -38.239, 0.0, 0.0, 0.0
-0.084, -0.041, 0.927, 2.808, 155.487, -5.554, 0.0, 0.0, 0.0
-0.021, 0.019, 0.864, -9.674, 148.834, 16.388, 0.0, 0.0, 0.0
-0.068, 0.003, 0.934, -7.538, 87.219, -11.566, 0.0, 0.0, 0.0
-0.145, -0.049, 1.07, -10.132, 72.662, 1.282, 0.0, 0.0, 0.0
-0.105, -0.153, 0.984, 30.212, 112.579, 36.743, 0.0, 0.0, 0.0
-0.132, -0.133, 0.921, 21.118, 167.603, 77.362, 0.0, 0.0, 0.0
0.133, -0.025, 0.954, 1.312, 175.201, 70.831, 0.0, 0.0, 0.0
0.065, 0.006, 1.003, 84.686, -23.926, 1.862, 0.0, 0.0, 0.0
-0.251, -0.188, 1.02, 166.931, -143.25, -26.215, 0.0, 0.0, 0.0
-0.281, -0.125, 1.024, 49.225, 83.923, 94.36, 0.0, 0.0, 0.0
-0.005, 0.049, 0.948, 27.466, 75.287, 20.233, 0.0, 0.0, 0.0
-0.101, -0.028, 0.937, 37.964, -2.533, -50.11, 0.0, 0.0, 0.0
-0.275, -0.078, 0.984, 39.581, 11.292, -47.638, 0.0, 0.0, 0.0
-0.275, -0.068, 1.004, 5.035, 74.585, -3.448, 0.0, 0.0, 0.0
-0.036, 0.041, 0.919, -41.901, 148.132, 18.127, 0.0, 0.0, 0.0
-0.045, 0.036, 0.957, -23.773, 83.527, -35.034, 0.0, 0.0, 0.0
-0.237, -0.068, 1.019, 10.834, 9.155, -57.709, 0.0, 0.0, 0.0
-0.334, -0.053, 1.063, 3.693, 45.563, -16.663, 0.0, 0.0, 0.0
-0.111, 0.021, 0.935, 1.678, 123.962, 30.823, 0.0, 0.0, 0.0
-0.073, 0.069, 0.948, 4.12, 120.27, 17.731, 0.0, 0.0, 0.0
-0.107, 0.025, 0.965, 30.09, 23.468, -21.454, 0.0, 0.0, 0.0
-0.277, -0.068, 1.006, 31.403, -16.235, -15.381, 0.0, 0.0, 0.0
-0.173, 0.01, 0.974, 17.67, 21.759, 21.271, 0.0, 0.0, 0.0
-0.063, 0.077, 0.937, 8.331, 84.351, 41.29, 0.0, 0.0, 0.0
-0.002, 0.082, 0.955, 0.427, 75.012, -12.817, 0.0, 0.0, 0.0
-0.107, 0.009, 0.907, 30.396, -41.87, -73.486, 0.0, 0.0, 0.0
-0.314, -0.086, 0.978, 32.471, -57.343, -72.815, 0.0, 0.0, 0.0
-0.27, -0.065, 1.011, 0.305, 25.879, -20.203, 0.0, 0.0, 0.0
-0.053, -0.01, 0.945, 3.571, 38.269, 5.28, 0.0, 0.0, 0.0
-0.071, 0.091, 0.95, 44.739, -45.105, -17.12, 0.0, 0.0, 0.0
-0.202, -0.008, 1.025, 80.841, -127.441, -46.783, 0.0, 0.0, 0.0