1.093
1.173
1.246
1.426
1.514
1.578
1.574
1.505
1.374
1.247
1.091
0.998
0.915
0.877
0.909
0.929
0.951
0.841
0.76
0.751
0.758
0.819
0.802
0.8
0.803
0.816
0.881
0.824
0.683
0.655
0.746
0.851
0.862
0.809
0.745
0.731
0.735
0.775
0.815
0.749
0.716
0.771
0.817
0.794
0.748
0.732
0.736
0.826
0.848
0.72
0.691
0.798
0.863
0.852
0.777
0.982
1.002
0.996
1.031
1.007
1.018
1.007
1.033
1.165
1.167
1.165
1.178
1.205
1.195
1.273
1.248
1.238
1.218
1.21
1.151
1.169
1.144
1.137
1.145
1.117
1.074
1.04
1.02
0.956
0.842
0.824
0.808
0.742
0.667
0.714
0.766
0.738
0.697
0.723
0.722
0.722
0.745
0.798
0.798
0.743
0.755
0.799
0.861
0.822
0.785
0.764
0.826
0.848
0.795
0.82
