1.032
0.984
0.984
0.976
0.943
0.978
1.012
1.005
0.95
0.885
0.863
0.852
0.856
0.893
0.942
0.961
1.091
1.068
1.03
1.031
0.952
0.904
0.924
1.01
1.193
1.35
1.46
1.431
1.389
1.327
1.297
1.259
1.313
1.378
1.356
1.211
1.33
1.404
1.33
1.329
1.362
1.14
0.962
0.842
0.956
0.694
0.494
0.421
0.376
0.267
0.298
0.309
0.313
0.307
0.403
0.566
0.694
0.695
0.668
0.753
0.854
0.985
1.041
1.012
1.022
0.971
0.99
1.012
1.09
1.173
1.204
1.226
1.281
1.319
1.327
1.341
1.294
1.351
1.373
1.396
1.379
1.268
1.093
0.969
0.949
0.962
0.987
0.947
0.952
0.836
0.873
0.862
0.894
0.891
0.684
0.685
0.755
0.677
0.58
0.644
0.68
0.681
0.701
0.736
0.747
0.768
0.749
0.759
0.825
0.875
0.836
0.822
0.834
0.862
0.87
0.856
0.839
0.842
0.88
0.923
0.926
0.924
0.926
0.914
0.958
0.953
