0.522
0.538
0.5
0.52
0.522
0.462
0.434
0.496
0.464
0.478
0.507
0.548
0.612
0.588
0.545
0.513
0.528
0.538
0.527
0.548
0.51
0.544
0.667
0.71
0.679
0.745
0.807
0.871
1.025
1.14
1.203
1.279
1.347
1.375
1.455
1.594
1.584
1.435
1.309
1.177
1.041
1.041
1.157
1.128
1.21
1.151
1.007
0.971
0.935
0.953
0.989
0.987
0.952
0.942
1.04
0.908
0.977
0.966
0.966
0.988
0.984
0.99
0.966
0.982
0.952
0.986
0.99
0.967
0.968
0.987
0.987
0.986
0.985
0.985
0.966
0.968
0.987
0.984
0.989
0.988
0.987
1.411
1.47
1.536
1.5
1.488
1.473
1.397
1.279
1.243
1.142
1.047
0.963
0.903
0.826
0.746
0.656
0.611
0.551
0.538
0.505
0.506
0.53
0.59
0.606
0.643
0.622
0.64
0.694
