0.786
0.8
0.768
0.756
0.78
0.82
0.764
0.765
0.744
0.747
0.716
0.669
0.638
0.615
0.588
0.596
0.581
0.594
0.615
0.568
0.594
0.639
0.673
0.591
0.596
0.655
0.737
0.726
0.734
0.77
0.867
1.064
1.094
1.031
0.813
0.793
0.916
0.992
0.954
0.955
1.011
1.151
1.255
1.206
1.106
1.17
1.232
1.259
1.247
1.286
1.265
1.14
1.086
1.146
1.154
1.136
1.079
1.074
1.059
1.991
1.233
0.92
0.968
1.049
0.934
0.972
0.979
0.988
0.919
1.068
0.955
0.92
0.966
0.97
0.965
0.975
0.996
0.991
1.167
1.384
1.427
1.401
1.341
1.417
1.447
1.402
1.368
1.335
1.227
1.172
1.136
1.071
1.079
1.013
0.903
0.863
0.968
1.019
0.928
0.842
0.83
0.714
0.738
0.713
0.712
0.727
0.697
0.7
0.741
0.74
0.763
0.772
0.731
0.699
