0.971
0.935
0.943
1.045
1.093
1.025
0.994
1.041
1.042
1.026
1.033
1.015
1.128
1.147
1.109
1.04
1.03
1.014
1.004
1.0
1.001
1.007
0.971
0.898
0.947
1.063
1.021
0.942
0.872
0.876
0.913
0.944
0.949
1.039
0.995
0.866
0.897
0.992
1.028
0.953
0.928
0.919
0.919
0.99
1.052
1.01
0.966
1.001
1.012
1.039
1.035
1.017
1.02
0.967
0.951
0.996
1.042
1.017
0.933
0.935
0.975
0.988
1.002
1.001
0.995
1.019
0.998
0.966
0.953
0.969
0.958
0.922
0.969
0.959
0.921
0.963
1.026
1.045
1.029
0.936
0.92
0.969
0.999
1.009
0.968
0.966
0.968
1.033
1.005
0.951
0.953
0.953
0.977
0.979
1.047
1.026
0.916
0.894
1.006
1.08
1.048
0.925
0.894
1.036
1.124
1.065
0.963
0.958
0.988
1.042
1.026
0.904
0.892
1.03
1.039
0.821
0.848
1.005
0.985
0.956
0.92
0.842
0.896
0.987
1.051
0.912
0.973
1.026
0.898
0.785
0.836
0.986
1.112
1.034
0.913
0.811
0.9
0.96
0.819
0.823
1.003
0.9
0.734
0.713
0.912
