1.084
1.125
1.073
1.023
1.079
1.133
1.122
1.167
1.146
1.113
1.129
1.095
1.055
1.023
1.052
1.038
0.949
0.943
0.985
0.98
1.011
0.993
0.916
0.973
1.031
0.962
0.945
0.956
0.981
0.977
0.905
0.907
0.975
1.066
0.993
0.927
0.949
1.024
1.025
0.974
0.875
0.875
0.921
0.965
1.053
1.075
0.966
0.891
0.902
0.93
0.952
0.963
0.889
0.855
0.908
1.056
1.089
0.971
0.909
0.923
0.945
0.966
1.007
1.0
0.935
0.938
0.947
0.992
0.999
1.011
0.952
0.921
0.915
0.928
0.935
0.966
0.982
0.931
0.934
1.003
1.021
0.967
0.947
0.958
0.948
0.964
0.984
0.964
0.923
0.902
0.942
0.909
0.883
