1.09
1.277
1.388
1.434
1.726
1.984
1.226
1.077
1.174
1.422
1.515
1.574
1.665
1.677
1.524
1.427
1.275
1.155
1.021
0.88
0.798
0.774
0.714
0.716
0.729
0.738
0.75
0.769
0.697
0.605
0.632
0.694
0.734
0.717
0.672
0.648
0.664
0.685
0.677
0.594
0.543
0.475
0.378
0.303
0.214
0.209
0.234
0.331
0.364
0.446
0.639
0.713
0.738
0.939
1.13
0.993
1.022
1.019
0.965
0.999
1.048
1.016
1.095
1.163
0.9
1.007
1.238
1.245
1.336
1.372
1.41
1.43
1.38
1.309
1.264
1.298
1.264
1.243
1.111
0.977
0.99
0.91
0.866
0.909
0.882
0.837
0.851
0.753
0.68
0.668
0.689
0.682
0.706
0.639
0.667
0.707
0.718
0.73
0.737
0.718
0.768
0.783
0.784
0.788
0.789
0.802
0.8
0.78
0.802
0.797
