0.998
1.127
1.073
1.019
1.015
1.055
1.015
1.053
1.128
1.11
1.058
1.045
1.049
1.044
1.109
1.085
1.05
1.052
1.047
1.036
1.011
1.017
1.018
1.063
1.065
1.05
1.018
0.999
1.005
0.999
0.986
0.959
0.979
0.98
0.949
0.961
0.951
0.925
0.918
0.986
0.993
1.016
1.008
1.065
1.038
0.996
1.035
1.016
1.036
1.013
1.022
1.033
1.022
0.978
0.989
0.982
0.967
0.98
0.997
0.973
0.946
0.991
0.964
0.981
1.016
0.973
0.931
0.951
0.951
0.989
1.002
0.987
1.001
1.027
1.035
0.982
0.936
0.928
0.922
0.913
0.874
0.902
0.987
1.021
0.974
0.899
0.916
0.946
0.947
0.917
0.929
0.951
