1.088
1.117
1.026
1.006
1.04
1.097
1.081
1.109
1.071
1.055
1.116
1.075
1.045
1.079
1.012
0.978
0.986
1.034
1.038
1.012
1.005
1.02
1.039
1.078
1.105
1.141
1.088
1.069
1.026
1.037
1.049
1.037
0.95
0.947
1.016
0.95
0.958
0.913
0.877
0.944
1.003
0.918
0.916
0.962
0.985
1.001
0.953
0.917
0.987
1.067
0.966
0.905
0.954
0.99
1.0
0.978
0.939
0.9
0.977
1.006
0.92
0.964
1.022
1.036
1.034
1.016
0.967
0.991
1.007
1.005
0.985
0.975
0.969
0.97
0.936
0.972
0.981
0.982
0.921
0.912
0.959
0.97
0.936
0.886
0.961
0.958
0.918
0.942
0.947
0.939
0.927
0.912
0.919
0.952
0.95
0.998
1.046
0.991
0.989
