0.201
0.18
0.132
0.142
0.489
0.733
0.921
1.213
1.44
1.545
1.638
1.637
1.643
1.675
1.685
1.543
1.406
1.341
1.221
1.014
1.024
1.068
1.026
1.045
1.08
1.051
1.024
0.968
0.925
0.889
0.915
0.983
0.984
0.946
0.962
0.976
1.016
1.019
1.002
0.988
0.997
1.004
0.931
0.953
1.0
1.056
1.002
1.072
1.117
1.341
1.347
1.341
1.485
1.741
1.769
1.584
1.41
1.275
1.209
1.136
1.128
1.087
1.019
0.945
0.878
0.802
0.639
0.62
0.662
0.573
0.515
0.583
0.656
0.674
0.617
0.535
0.597
0.691
0.717
0.732
0.713
0.77
0.814
0.81
0.801
