0.982
0.953
0.954
0.884
0.932
1.022
0.959
0.945
0.948
0.909
0.64
0.665
0.722
0.773
0.81
0.909
1.024
1.084
1.243
1.253
1.217
1.258
1.329
1.334
1.295
1.305
1.278
1.231
1.187
1.206
1.212
1.209
1.115
0.963
1.036
1.069
0.977
0.991
1.14
1.216
1.129
1.009
0.977
1.01
1.12
1.077
0.963
0.927
0.982
1.11
1.05
0.954
0.915
1.036
1.007
0.914
0.727
1.097
1.191
1.001
0.853
0.906
0.903
0.923
0.947
1.027
0.931
0.693
0.676
0.888
1.079
0.912
0.843
1.036
1.062
0.952
0.805
0.85
1.065
1.08
0.883
0.91
1.031
1.047
0.878
0.834
0.867
1.05
0.981
0.747
0.82
0.914
