0.964
0.987
0.999
1.024
1.012
0.971
0.997
1.005
1.0
0.999
0.975
0.996
0.932
0.98
0.948
0.871
0.907
0.954
0.985
1.019
0.901
1.025
0.956
0.864
0.848
0.855
0.943
0.991
0.924
0.945
1.013
0.961
0.9
0.934
0.978
1.095
1.226
1.119
1.129
1.23
1.261
1.262
1.27
1.297
1.333
1.33
1.296
1.314
1.298
1.28
1.238
1.272
1.197
1.19
1.097
1.074
1.095
1.115
1.131
0.965
0.978
1.012
1.041
0.929
0.921
0.965
1.003
0.945
0.862
0.927
0.971
0.86
0.825
0.891
0.841
0.781
0.882
0.96
0.908
0.873
0.896
1.002
1.033
1.002
0.978
0.977
0.924
0.841
0.878
0.903
1.011
0.969
0.827
