1.528
1.555
1.484
1.396
1.28
1.196
1.142
1.168
1.314
1.14
1.025
1.071
1.107
1.051
0.807
0.766
0.84
0.73
0.563
0.494
0.582
0.592
0.502
0.459
0.631
0.886
0.716
0.54
0.514
0.583
0.661
0.618
0.741
0.774
0.737
0.72
0.664
0.637
0.657
0.571
0.593
0.677
0.699
0.557
0.584
0.563
0.496
0.369
0.367
0.452
0.461
0.432
0.281
0.186
0.23
0.308
0.371
0.371
0.38
0.39
0.59
0.689
0.601
0.553
0.782
1.045
1.109
1.231
1.403
1.726
1.736
1.59
1.527
1.485
1.341
1.262
1.497
1.706
1.662
1.669
1.683
1.627
1.511
1.483
1.501
1.424
1.271
1.088
1.046
1.044
1.002
0.95
0.945
0.988
0.917
0.729
0.594
0.568
0.636
0.618
0.534
0.501
0.604
0.718
0.592
0.454
0.503
0.609
0.564
0.508
0.572
0.659
0.606
0.587
0.687
0.742
0.714
