0.801
0.719
0.64
0.581
0.571
0.584
0.549
0.559
0.532
0.559
0.633
0.602
0.608
0.637
0.673
0.602
0.632
0.679
0.641
0.622
0.687
0.667
0.655
0.714
0.753
0.714
0.726
0.729
0.782
0.798
0.788
0.765
0.783
0.747
0.728
0.748
0.748
0.738
0.73
0.753
0.717
0.705
0.691
0.681
0.709
0.691
0.679
0.636
0.641
0.639
0.659
0.637
0.672
0.707
0.695
0.702
0.758
0.803
0.869
0.876
0.858
0.848
0.83
0.864
0.844
0.89
0.919
0.873
0.859
0.975
0.975
0.868
0.827
0.916
0.937
0.873
0.832
0.863
0.916
0.945
1.017
1.056
1.111
1.138
1.189
1.181
1.133
1.093
1.117
1.122
1.072
1.02
0.96
0.921
0.92
0.942
0.9
0.883
0.844
0.79
0.828
0.835
0.997
0.98
0.974
0.97
1.811
1.611
1.665
1.503
1.52
1.492
1.461
1.464
1.339
1.239
1.235
1.23
1.139
1.009
0.924
0.865
0.81
0.789
0.757
0.684
0.616
0.585
0.571
0.527
0.554
0.63
