0.654
0.542
0.442
0.507
0.606
0.546
0.498
0.519
0.54
0.546
0.537
0.526
0.598
0.649
0.708
0.75
0.719
0.704
0.7
0.742
0.818
0.759
0.699
0.685
0.747
0.796
0.822
0.814
0.85
0.831
0.817
0.787
0.763
0.744
0.802
0.812
0.842
0.822
0.802
0.82
0.79
0.786
0.8
0.804
0.816
0.857
0.854
0.802
0.745
0.791
0.841
0.86
0.864
0.844
0.794
0.822
0.852
0.867
0.828
0.809
0.792
0.783
0.759
0.775
0.801
0.778
0.759
0.767
0.727
0.72
0.697
0.726
0.99
0.992
0.977
0.967
0.964
0.976
0.975
0.986
0.966
0.989
0.978
0.984
0.991
0.985
0.976
0.964
0.968
0.987
0.986
0.984
0.967
0.969
0.95
0.974
1.019
0.983
0.964
0.952
0.961
0.991
0.991
0.967
0.957
1.002
0.978
0.964
0.964
0.983
0.984
0.987
0.962
0.962
0.989
0.987
0.968
0.968
0.99
0.987
0.964
0.965
0.985
0.986
0.988
0.988
0.964
0.983
1.061
1.045
1.126
1.022
0.607
0.903
1.071
1.124
1.19
1.085
0.998
1.082
1.258
1.274
1.257
1.304
1.288
1.119
1.033
0.929
0.797
0.755
0.687
0.725
0.704
0.646
0.672
0.623
0.613
0.596
0.622
0.638
0.635
0.655
0.704
