0.966
0.988
0.991
0.987
0.975
1.021
0.975
1.204
0.95
0.952
0.946
0.774
0.738
0.584
-0.797
-0.312
-0.334
-0.335
-0.328
-0.326
-0.181
-0.074
-0.725
1.984
-0.288
1.377
0.165
-0.101
0.659
0.817
0.914
0.404
1.984
0.393
0.43
1.263
0.264
1.415
0.753
0.643
0.909
0.973
0.923
1.046
1.071
0.912
0.988
1.111
0.887
1.069
0.828
1.032
1.256
1.13
0.919
0.9
0.998
1.017
0.927
0.844
0.838
0.948
0.964
0.878
0.819
0.893
0.903
0.972
1.082
1.074
0.935
0.871
0.885
1.193
1.074
0.996
0.972
0.787
1.103
1.022
0.977
0.985
0.978
0.969
0.978
0.962
1.077
1.297
1.336
1.5
1.638
1.679
1.654
1.626
1.505
1.386
1.5
1.488
1.21
0.909
1.055
1.33
1.204
1.058
0.95
0.756
0.674
0.695
0.711
0.735
0.691
0.515
0.447
0.583
0.637
0.607
0.54
0.514
0.604
0.615
0.59
0.625
0.64
