### File1
### Start time : 2024/04/10 14:05:14
### ACC FSR:8G
### GYRO FSR:1000
### MAG DATA:Raw_MAG
### Interrupt Threshold:0102
### Data Rate:50Hz
### Data Type:9X DATA
### Feature:6X_LP_QUAT
### Gyro Cal:NO
### Gyro Data:CAL
### Acc Data:RAW
accX, accY, accZ, gyroX, gyroY, gyroZ, magX, magY, magZ
-0.067, -0.081, 1.016, -58.472, -35.034, 44.189, 0.0, 0.0, 0.0
-0.063, -0.05, 1.028, -30.609, -30.945, 12.299, 0.0, 0.0, 0.0
-0.032, -0.112, 0.909, -8.881, -46.112, 21.545, 0.0, 0.0, 0.0
0.017, -0.102, 0.958, -8.423, -56.152, 56.305, 0.0, 0.0, 0.0
0.045, -0.036, 1.027, -50.507, -18.829, 56.091, 0.0, 0.0, 0.0
0.073, -0.083, 1.05, -25.757, -34.943, 33.752, 0.0, 0.0, 0.0
-0.077, -0.149, 1.013, 12.085, -15.533, 5.859, 0.0, 0.0, 0.0
-0.045, -0.112, 0.857, 25.635, -23.438, 25.879, 0.0, 0.0, 0.0
0.013, -0.14, 0.962, 10.132, -54.443, 45.776, 0.0, 0.0, 0.0
0.05, -0.09, 1.063, -13.519, -53.406, 62.744, 0.0, 0.0, 0.0
0.087, -0.086, 0.982, -4.822, -33.203, 49.622, 0.0, 0.0, 0.0
-0.064, -0.127, 0.936, -5.646, -0.885, 43.976, 0.0, 0.0, 0.0
-0.079, -0.129, 1.009, -18.89, 5.035, 69.031, 0.0, 0.0, 0.0
0.031, -0.046, 1.005, -5.402, 25.269, 81.055, 0.0, 0.0, 0.0
0.021, -0.037, 1.01, 3.876, 6.805, 59.021, 0.0, 0.0, 0.0
-0.038, -0.142, 1.019, 29.633, -10.742, 58.289, 0.0, 0.0, 0.0
-0.19, -0.152, 0.937, 30.975, -19.165, 60.516, 0.0, 0.0, 0.0
-0.204, -0.144, 0.913, 30.06, -39.246, 106.995, 0.0, 0.0, 0.0
-0.114, -0.141, 1.023, 25.36, -29.449, 147.4, 0.0, 0.0, 0.0
-0.113, -0.139, 0.982, 24.17, -25.269, 169.067, 0.0, 0.0, 0.0
-0.193, -0.154, 1.013, 15.381, -3.448, 191.864, 0.0, 0.0, 0.0
-0.216, -0.107, 0.951, 7.935, 10.651, 227.417, 0.0, 0.0, 0.0
-0.103, -0.155, 0.941, -7.385, -15.747, 258.728, 0.0, 0.0, 0.0
-0.006, -0.042, 0.974, -8.27, -64.941, 264.648, 0.0, 0.0, 0.0
0.071, -0.04, 0.971, 38.269, -90.759, 243.988, 0.0, 0.0, 0.0
0.061, -0.074, 0.932, 28.137, -79.224, 207.306, 0.0, 0.0, 0.0
0.15, 0.006, 0.991, 6.744, -50.72, 190.399, 0.0, 0.0, 0.0
-0.007, -0.048, 1.019, -18.066, 32.684, 165.985, 0.0, 0.0, 0.0
0.018, -0.136, 0.96, -32.654, 48.553, 167.877, 0.0, 0.0, 0.0
0.064, -0.049, 1.006, -9.857, -33.905, 190.247, 0.0, 0.0, 0.0
0.138, -0.128, 1.017, 10.162, -35.4, 178.467, 0.0, 0.0, 0.0
0.118, -0.141, 0.934, -11.383, -11.597, 147.461, 0.0, 0.0, 0.0
0.152, -0.144, 1.004, -7.355, -4.822, 132.935, 0.0, 0.0, 0.0
0.059, -0.129, 1.014, -2.716, 1.923, 121.399, 0.0, 0.0, 0.0
0.111, -0.036, 1.001, -4.608, 30.273, 125.244, 0.0, 0.0, 0.0
0.187, 0.004, 0.911, -15.076, 32.837, 101.898, 0.0, 0.0, 0.0
0.171, 0.022, 0.937, 23.59, -32.806, 73.975, 0.0, 0.0, 0.0
0.107, -0.085, 0.933, 27.557, -34.149, 38.025, 0.0, 0.0, 0.0
0.132, -0.126, 1.004, 13.733, -18.158, 29.968, 0.0, 0.0, 0.0
0.137, -0.113, 0.93, 25.116, -10.468, 52.307, 0.0, 0.0, 0.0
0.178, -0.112, 0.918, 24.567, -3.998, 81.604, 0.0, 0.0, 0.0
0.23, -0.143, 0.933, 1.251, -11.505, 62.103, 0.0, 0.0, 0.0
0.332, -0.143, 0.949, 1.648, 3.418, 27.832, 0.0, 0.0, 0.0
0.329, -0.193, 0.962, 42.358, -68.481, 4.73, 0.0, 0.0, 0.0
0.373, -0.099, 0.927, 54.871, -93.292, -8.881, 0.0, 0.0, 0.0
0.434, -0.047, 0.963, 26.367, -50.72, -28.9, 0.0, 0.0, 0.0
0.248, -0.139, 0.915, 14.435, -16.51, -56.427, 0.0, 0.0, 0.0
0.222, -0.035, 0.931, -1.495, 12.268, -23.804, 0.0, 0.0, 0.0
0.241, -0.066, 0.921, -19.226, 40.1, -17.67, 0.0, 0.0, 0.0
0.256, -0.073, 0.911, -8.484, 6.348, -38.177, 0.0, 0.0, 0.0
0.1, -0.057, 0.933, 7.446, -21.912, -54.291, 0.0, 0.0, 0.0
0.154, -0.137, 1.003, -3.021, -10.956, -42.908, 0.0, 0.0, 0.0
0.194, -0.052, 0.937, -11.139, 25.269, -6.104, 0.0, 0.0, 0.0
0.279, -0.041, 0.926, -24.384, 43.427, -9.064, 0.0, 0.0, 0.0
0.121, -0.145, 0.932, -18.555, 36.407, -35.004, 0.0, 0.0, 0.0
0.029, -0.106, 1.026, -15.656, 44.769, -22.614, 0.0, 0.0, 0.0
0.216, 0.008, 0.907, -27.618, 62.164, -8.453, 0.0, 0.0, 0.0
0.157, 0.011, 0.933, -33.173, 41.931, -29.51, 0.0, 0.0, 0.0
0.097, -0.038, 0.966, 32.288, -40.71, -85.754, 0.0, 0.0, 0.0
0.082, -0.053, 0.974, 13.092, 28.412, -68.268, 0.0, 0.0, 0.0
0.12, -0.078, 0.917, -17.517, 50.995, -43.579, 0.0, 0.0, 0.0
0.217, -0.07, 0.937, -18.341, 24.078, -60.211, 0.0, 0.0, 0.0
0.127, -0.037, 1.005, 0.946, -1.312, -109.131, 0.0, 0.0, 0.0
-0.026, -0.04, 1.019, 7.507, 5.096, -115.112, 0.0, 0.0, 0.0
-0.008, -0.037, 1.005, -10.62, 72.388, -74.371, 0.0, 0.0, 0.0
0.144, -0.039, 0.925, -20.874, 88.44, -49.377, 0.0, 0.0, 0.0
0.161, -0.032, 0.93, -14.862, 50.659, -52.124, 0.0, 0.0, 0.0
0.163, -0.083, 0.929, 6.561, 7.172, -90.24, 0.0, 0.0, 0.0
0.095, -0.07, 1.007, 20.691, 1.16, -115.326, 0.0, 0.0, 0.0
-0.017, -0.033, 1.0, -3.967, 64.697, -117.462, 0.0, 0.0, 0.0
0.019, -0.04, 0.986, -23.834, 134.796, -74.585, 0.0, 0.0, 0.0
0.116, 0.009, 0.967, -17.639, 159.088, -62.439, 0.0, 0.0, 0.0
0.14, -0.07, 0.863, 49.225, 32.135, -115.692, 0.0, 0.0, 0.0
-0.084, -0.05, 0.923, 76.263, -76.721, -154.572, 0.0, 0.0, 0.0
-0.102, -0.041, 0.983, 63.629, -58.411, -133.24, 0.0, 0.0, 0.0
-0.147, -0.088, 0.933, 20.386, 14.557, -72.021, 0.0, 0.0, 0.0
0.063, 0.017, 0.906, -41.718, 102.203, -22.705, 0.0, 0.0, 0.0
0.162, 0.074, 0.916, -79.224, 82.55, -74.615, 0.0, 0.0, 0.0
0.05, 0.017, 1.013, -7.629, -40.833, -170.685, 0.0, 0.0, 0.0
-0.15, -0.149, 1.049, 13.489, -27.893, -211.243, 0.0, 0.0, 0.0
-0.106, -0.111, 0.994, 6.622, 96.649, -154.541, 0.0, 0.0, 0.0
0.08, -0.065, 0.945, -21.301, 179.932, -109.619, 0.0, 0.0, 0.0
0.165, 0.09, 0.965, -38.361, 156.677, -142.487, 0.0, 0.0, 0.0
-0.005, -0.063, 0.977, 0.732, 77.881, -223.267, 0.0, 0.0, 0.0
-0.105, -0.147, 0.993, 46.906, 57.343, -220.764, 0.0, 0.0, 0.0
-0.048, -0.07, 1.067, 15.411, 127.258, -121.185, 0.0, 0.0, 0.0
0.146, -0.003, 0.913, -11.169, 204.346, -83.069, 0.0, 0.0, 0.0
0.213, -0.005, 0.869, 6.348, 140.869, -173.004, 0.0, 0.0, 0.0
-0.019, -0.065, 0.923, 43.396, 21.576, -278.961, 0.0, 0.0, 0.0
-0.186, -0.156, 1.009, 78.705, -25.94, -305.786, 0.0, 0.0, 0.0
-0.339, -0.094, 0.929, 76.05, -25.33, -224.792, 0.0, 0.0, 0.0
-0.178, 0.017, 0.864, 76.782, -49.103, -175.323, 0.0, 0.0, 0.0
-0.275, 0.03, 0.87, 61.005, -104.797, -177.46, 0.0, 0.0, 0.0