### File1
### Start time : 2024/03/29 09:22:52
### ACC FSR:2G
### GYRO FSR:2000
### MAG DATA:MAG OFF
### Interrupt Threshold:1201
### Data Rate:50Hz
### Data Type:9X DATA
### Feature:LP_QUAT
### Gyro Cal:YES
### Gyro Data:CAL
### Acc Data:RAW
accX, accY, accZ, gyroX, gyroY, gyroZ, magX, magY, magZ
0.022, -0.51, 0.203, 51.636, -7.446, -10.193, 0.0, 0.0, 0.0
-0.046, -0.462, 0.259, 54.565, 20.142, -11.414, 0.0, 0.0, 0.0
-0.027, -0.365, 0.352, 42.358, 9.644, -14.587, 0.0, 0.0, 0.0
0.01, -0.216, 0.421, 42.847, 18.127, -8.362, 0.0, 0.0, 0.0
0.033, -0.203, 0.33, 69.641, -23.376, -16.785, 0.0, 0.0, 0.0
0.235, -0.146, 0.237, 55.237, 0.61, -22.4, 0.0, 0.0, 0.0
0.327, 0.068, 0.384, 50.476, 28.198, -15.869, 0.0, 0.0, 0.0
0.131, 0.063, 0.71, 37.964, 45.532, 18.738, 0.0, 0.0, 0.0
-0.168, -0.11, 0.747, 64.331, 20.386, 20.569, 0.0, 0.0, 0.0
-0.038, -0.18, 0.552, 87.83, -33.508, 5.615, 0.0, 0.0, 0.0
0.205, -0.045, 0.482, 90.393, -17.822, 0.061, 0.0, 0.0, 0.0
0.064, 0.177, 0.974, 55.969, 27.222, 4.028, 0.0, 0.0, 0.0
-0.008, 0.089, 1.549, 35.522, 41.016, -2.136, 0.0, 0.0, 0.0
0.078, -0.039, 1.423, 56.58, -10.437, -20.142, 0.0, 0.0, 0.0
0.159, 0.049, 1.321, 55.054, -31.311, -26.794, 0.0, 0.0, 0.0
-0.017, 0.12, 1.615, -5.981, 64.819, -11.108, 0.0, 0.0, 0.0
-0.019, 0.015, 1.804, -4.822, 60.791, -6.042, 0.0, 0.0, 0.0
0.083, -0.01, 1.551, 50.232, 15.93, -1.221, 0.0, 0.0, 0.0
0.04, -0.015, 1.344, 43.457, 0.977, 16.541, 0.0, 0.0, 0.0
0.046, 0.006, 1.32, 49.988, 17.883, 16.113, 0.0, 0.0, 0.0
-0.026, -0.019, 1.402, 50.537, 19.287, -1.16, 0.0, 0.0, 0.0
-0.1, -0.062, 1.567, 53.833, 4.639, 5.859, 0.0, 0.0, 0.0
-0.044, -0.096, 1.628, 50.903, -34.668, -19.531, 0.0, 0.0, 0.0
-0.009, -0.063, 1.467, 36.011, -28.809, -8.911, 0.0, 0.0, 0.0
0.049, 0.002, 1.533, -8.362, 7.507, -19.775, 0.0, 0.0, 0.0
0.074, -0.017, 1.482, -52.124, 20.142, 7.69, 0.0, 0.0, 0.0
0.033, -0.065, 1.185, -25.879, -10.559, -6.958, 0.0, 0.0, 0.0
0.002, -0.119, 1.051, -33.997, -15.015, -17.09, 0.0, 0.0, 0.0
-0.021, -0.141, 1.34, -1.648, -7.69, -20.325, 0.0, 0.0, 0.0
-0.162, -0.142, 1.219, 79.59, 5.859, -8.301, 0.0, 0.0, 0.0
-0.11, -0.071, 1.018, 7.08, 1.282, -31.982, 0.0, 0.0, 0.0
-0.014, 0.011, 0.986, -16.174, -16.113, -24.597, 0.0, 0.0, 0.0
0.018, -0.035, 0.987, 0.366, -13.977, -23.071, 0.0, 0.0, 0.0
0.069, -0.016, 0.914, 0.122, -34.729, 0.305, 0.0, 0.0, 0.0
0.013, -0.025, 1.009, -17.822, 10.254, 0.0, 0.0, 0.0, 0.0
-0.103, -0.015, 1.077, -17.212, 19.958, 2.197, 0.0, 0.0, 0.0
0.084, 0.002, 0.907, -16.479, -11.414, 1.77, 0.0, 0.0, 0.0
-0.052, -0.035, 1.024, -16.907, -5.737, 1.221, 0.0, 0.0, 0.0
0.009, -0.013, 0.976, -16.602, -17.822, 1.038, 0.0, 0.0, 0.0
-0.001, -0.023, 0.963, -16.724, 2.747, 1.038, 0.0, 0.0, 0.0
-0.013, -0.021, 0.983, -16.724, 2.441, 0.977, 0.0, 0.0, 0.0
-0.007, -0.02, 0.986, -16.663, 1.099, 0.977, 0.0, 0.0, 0.0
-0.007, -0.017, 0.965, -16.602, 1.709, 0.977, 0.0, 0.0, 0.0