0.185
0.097
0.081
0.115
0.114
0.127
0.118
0.12
0.112
0.061
0.088
0.153
0.136
0.141
0.102
0.107
0.119
0.145
0.122
0.158
0.188
0.188
0.187
0.061
-0.007
0.061
0.081
0.08
0.029
0.069
0.04
-0.085
-0.004
0.16
0.167
0.091
-0.021
-0.035
0.144
0.105
0.037
0.022
0.042
0.105
0.065
0.03
0.071
0.07
0.069
0.059
0.065
0.055
0.066
0.057
0.068
0.057
0.069
0.056
0.069
0.07
0.069
0.07
0.069
0.055
0.07
0.07
0.055
0.069
0.069
0.069
0.07
0.017
-0.003
0.047
0.057
0.112
0.156
0.157
0.101
0.122
0.151
0.121
0.053
0.095
0.148
0.168
0.127
0.096
0.098
0.055
0.066
0.071
0.077
-0.004
0.018
0.137
0.13
0.026
-0.005
0.024
-0.046
