-0.244
-0.183
-0.228
-0.264
-0.158
-0.134
-0.217
-0.333
-0.25
-0.15
-0.085
-0.033
-0.005
0.038
0.06
0.158
0.17
0.196
0.183
0.203
0.239
0.23
0.263
0.302
0.312
0.33
0.354
0.408
0.439
0.433
0.451
0.481
0.521
0.55
0.533
0.516
0.495
0.506
0.505
0.471
0.419
0.401
0.414
0.388
0.352
0.379
0.392
0.382
0.364
0.397
0.408
0.4
0.39
0.422
0.425
0.387
0.373
0.408
0.223
0.219
0.197
0.191
0.175
0.12
0.1
0.083
0.091
0.103
0.066
0.016
0.003
0.022
0.002
-0.024
-0.03
0.046
-0.03
-0.085
-0.095
-0.142
-0.212
-0.255
-0.204
-0.208
-0.21
-0.195
-0.109
-0.104
-0.128
-0.109
-0.096
-0.018
