-0.058
-0.076
-0.159
0.153
0.055
-0.248
-0.139
0.382
0.542
0.429
0.276
0.277
0.271
0.249
0.322
0.345
0.282
0.154
0.144
0.143
0.1
0.068
0.081
0.013
0.043
0.131
0.163
0.091
0.062
0.13
0.185
0.195
0.151
0.227
0.216
0.185
0.213
0.214
0.204
0.15
0.154
0.184
0.211
0.138
0.116
0.119
0.158
0.164
0.163
0.139
0.105
0.127
0.149
0.169
0.15
0.135
0.161
0.194
0.189
0.159
0.122
0.1
0.038
0.013
0.047
0.081
0.042
0.008
0.02
-0.006
0.018
-0.053
-0.087
-0.083
-0.057
-0.005
0.024
-0.069
-0.113
-0.005
0.178
0.139
0.148
0.064
-0.045
-0.147
