-0.122
-0.144
-0.156
-0.147
-0.131
-0.104
-0.12
-0.123
-0.179
-0.151
-0.147
-0.127
-0.136
-0.153
-0.122
-0.117
-0.171
-0.183
-0.155
-0.153
-0.174
-0.15
-0.168
-0.186
-0.181
-0.136
-0.155
-0.171
-0.165
-0.191
-0.156
-0.135
-0.177
-0.206
-0.19
-0.138
-0.165
-0.193
-0.182
-0.17
-0.153
-0.164
-0.166
-0.124
-0.142
-0.141
-0.118
-0.168
-0.2
-0.219
-0.162
-0.136
-0.19
-0.153
-0.178
-0.151
-0.15
-0.175
-0.156
-0.177
-0.174
-0.188
-0.14
-0.142
-0.16
-0.18
-0.148
-0.089
-0.146
-0.175
-0.163
-0.162
-0.142
-0.16
-0.139
-0.093
-0.077
-0.077
-0.108
-0.142
-0.113
-0.101
-0.129
-0.119
