0.08
0.095
0.042
0.056
0.084
0.067
0.023
-0.011
-0.026
-0.04
-0.033
0.067
0.087
0.066
-0.016
0.001
0.005
0.037
0.01
0.004
-0.016
0.033
0.054
0.015
-0.045
-0.065
-0.018
-0.065
-0.024
-0.021
-0.008
-0.084
-0.074
-0.036
0.05
0.063
0.009
-0.036
-0.005
0.017
0.048
-0.008
-0.019
0.039
0.017
-0.031
-0.062
-0.086
-0.033
0.006
0.015
-0.07
-0.09
-0.052
-0.068
-0.019
0.036
0.026
0.005
-0.061
-0.113
-0.063
-0.1
-0.091
-0.048
-0.058
-0.086
-0.083
-0.058
-0.059
-0.096
-0.091
-0.089
-0.037
-0.051
-0.031
-0.043
-0.071
-0.042
0.025
-0.036
-0.058
-0.039
-0.017
