0.052
0.07
0.113
0.107
0.092
0.082
0.067
0.111
0.092
0.076
0.056
0.07
0.144
0.203
0.168
0.14
0.118
0.133
0.152
0.153
0.161
0.121
0.122
0.152
0.177
0.172
0.185
0.207
0.205
0.204
0.164
0.18
0.205
0.192
0.159
0.143
0.132
0.157
0.164
0.149
0.163
0.143
0.136
0.146
0.091
0.132
0.128
0.128
0.146
0.108
0.125
0.129
0.116
0.159
0.179
0.132
0.126
0.128
0.146
0.152
0.145
0.084
0.077
0.088
0.128
0.122
0.128
0.097
0.04
0.077
0.067
0.091
0.153
0.128
0.04
0.049
0.104
0.147
0.117
0.094
0.099
0.125
0.129
0.126
0.115
0.087
0.057
0.057
0.086
