0.041
0.013
0.038
0.057
0.058
0.045
0.012
0.0
0.016
-0.002
0.01
0.042
0.049
0.029
0.052
0.009
0.036
0.059
0.073
0.053
0.01
0.053
0.111
0.125
0.117
0.092
0.089
0.076
0.097
0.13
0.142
0.117
0.062
0.083
0.092
0.122
0.127
0.092
0.073
0.073
0.072
0.092
0.087
0.104
0.183
0.219
0.009
-0.039
-0.015
0.057
0.162
0.117
0.096
0.11
0.077
0.053
0.053
0.062
0.106
0.123
0.113
0.067
0.096
0.045
0.037
0.058
0.06
0.068
0.027
0.065
0.047
0.031
0.024
0.046
0.03
0.013
0.051
0.055
0.083
0.053
-0.007
-0.003
-0.006
0.009
0.079
0.122
0.061
-0.024
