0.292
0.248
0.31
0.385
0.35
0.25
0.236
0.241
0.247
0.247
0.225
0.251
0.319
0.346
0.273
0.24
0.27
0.298
0.283
0.22
0.207
0.231
0.241
0.199
0.191
0.179
0.208
0.211
0.206
0.139
0.159
0.15
0.2
0.195
0.215
0.242
0.195
0.157
0.089
0.151
0.166
0.105
0.103
0.123
0.146
0.116
0.077
0.118
0.146
0.132
0.106
0.087
0.114
0.099
0.054
0.052
0.071
0.12
0.069
0.032
0.001
-0.013
0.036
0.04
0.034
-0.008
-0.026
-0.054
-0.054
-0.069
-0.064
-0.008
-0.008
-0.052
-0.056
-0.028
-0.045
-0.106
-0.143
-0.109
-0.127
-0.113
-0.087
-0.127
-0.098
-0.045
-0.099
-0.115
-0.073
-0.105
-0.059
-0.11
-0.112
-0.069
-0.032
