0.276
0.3
0.285
0.299
0.3
0.283
0.259
0.274
0.29
0.289
0.271
0.289
0.259
0.247
0.243
0.269
0.254
0.241
0.226
0.235
0.253
0.231
0.22
0.235
0.269
0.256
0.197
0.206
0.213
0.169
0.134
0.162
0.237
0.268
0.246
0.21
0.201
0.238
0.212
0.171
0.167
0.207
0.187
0.164
0.17
0.191
0.167
0.191
0.192
0.167
0.179
0.138
0.14
0.187
0.22
0.166
0.159
0.104
0.133
0.179
0.136
0.088
0.08
0.09
0.149
0.173
0.105
0.116
0.137
0.174
0.109
0.085
0.115
0.135
0.126
0.072
0.074
0.09
0.061
0.058
0.079
0.093
0.1
0.064
0.013
0.014
0.011
0.038
0.039
0.025
0.036
0.039
0.028
0.046
0.052
0.024
-0.007
-0.036
0.018
0.013
-0.01
-0.028
-0.036
-0.034
-0.054
-0.044
-0.079
-0.057
-0.029
-0.047
-0.078
-0.056
-0.024
-0.046
-0.096
-0.081
-0.042
-0.039
-0.072
-0.101
-0.093
-0.115
-0.094
-0.075
-0.098
-0.101
-0.086
-0.098
-0.098
