0.298
0.27
0.224
0.229
0.251
0.262
0.229
0.238
0.247
0.268
0.269
0.228
0.251
0.246
0.24
0.209
0.199
0.218
0.243
0.21
0.172
0.187
0.2
0.176
0.19
0.216
0.228
0.197
0.166
0.177
0.191
0.188
0.17
0.157
0.164
0.166
0.173
0.127
0.124
0.159
0.194
0.169
0.138
0.134
0.149
0.188
0.163
0.127
0.105
0.138
0.163
0.161
0.132
0.156
0.169
0.166
0.145
0.139
0.151
0.135
0.13
0.089
0.117
0.134
0.141
0.126
0.09
0.099
0.096
0.067
0.05
0.044
0.054
-0.019
0.01
0.04
0.058
0.037
0.021
0.017
0.028
0.048
0.032
0.045
0.058
0.056
0.04
0.066
0.057
0.079
0.045
0.031
0.045
0.065
0.051
0.013
0.037
0.048
0.025
0.017
0.007
0.005
-0.002
0.018
-0.006
0.036
0.028
0.017
-0.001
-0.005
0.0
-0.009
-0.025
-0.066
-0.076
-0.059
-0.046
-0.042
-0.068
-0.079
-0.05
-0.061
-0.162
