-0.069
-0.043
-0.054
-0.042
-0.063
-0.042
-0.041
-0.051
-0.063
-0.065
-0.029
-0.054
-0.041
-0.015
-0.002
-0.038
-0.067
-0.055
-0.054
-0.033
-0.045
-0.043
0.019
0.04
0.019
-0.024
-0.021
0.012
-0.003
0.049
0.063
0.025
0.065
0.076
0.064
0.034
0.039
0.065
0.11
0.092
0.046
0.029
-0.001
0.01
0.031
0.014
0.012
0.031
0.028
0.029
0.046
0.069
0.042
0.06
0.085
0.068
0.065
0.068
-0.037
0.036
0.024
-0.019
-0.073
-0.044
0.013
0.058
0.098
0.113
0.131
0.132
0.128
0.124
0.11
0.022
-0.05
0.009
0.07
0.028
0.031
0.069
0.115
0.089
0.044
0.027
0.063
0.111
0.095
0.043
0.05
0.063
0.061
0.081
0.059
0.041
0.051
0.055
0.057
0.042
0.038
-0.046
-0.039
-0.042
-0.068
-0.053
-0.027
-0.051
-0.041
-0.031
-0.03
-0.045
-0.069
-0.064
-0.07
-0.083
-0.06
-0.065
-0.08
-0.098
-0.075
-0.083
-0.059
-0.082
-0.064
-0.026
0.0
0.005
-0.036
-0.048
-0.054
0.011
0.126
0.074
0.075
0.093
0.118
0.071
0.105
-0.085
-0.077
0.212
0.395
0.265
0.085
0.004
-0.014
-0.064
-0.034
0.108
0.067
0.004
-0.046
-0.147
0.013
0.049
0.016
0.023
0.052
0.025
0.033
0.03
0.022
