-0.01
-0.008
-0.019
0.003
-0.006
0.002
-0.021
-0.008
-0.012
-0.009
-0.008
-0.018
0.004
-0.017
-0.022
-0.023
-0.012
-0.012
-0.023
-0.02
-0.02
-0.019
-0.02
-0.011
-0.013
-0.01
-0.009
-0.009
-0.032
0.002
0.003
0.005
0.005
0.004
-0.02
0.002
-0.018
-0.02
0.001
0.002
-0.016
0.0
-0.021
-0.02
-0.009
-0.015
-0.01
-0.02
0.001
-0.111
-0.093
-0.111
-0.11
-0.115
-0.116
-0.131
-0.125
-0.1
-0.076
-0.084
-0.085
-0.01
0.034
0.052
0.093
0.013
0.0
0.054
-0.021
-0.092
-0.114
-0.059
0.085
0.105
-0.006
-0.028
-0.048
-0.068
-0.126
-0.101
-0.004
0.079
0.019
-0.125
-0.146
-0.072
-0.012
0.022
-0.02
-0.071
-0.04
-0.015
-0.022
-0.034
-0.036
-0.033
-0.008
0.019
-0.015
0.006
0.001
0.003
-0.017
0.001
0.017
