-0.215
-0.214
-0.225
-0.211
-0.241
-0.225
-0.21
-0.202
-0.224
-0.222
-0.201
-0.222
-0.222
-0.22
-0.224
-0.238
-0.218
-0.242
-0.236
-0.228
-0.251
-0.237
-0.243
-0.247
-0.249
-0.239
-0.197
-0.142
-0.069
-0.083
-0.128
-0.059
0.114
0.196
0.104
0.018
0.008
0.106
0.21
0.032
-0.135
-0.206
-0.183
-0.025
0.039
-0.067
-0.055
0.048
0.057
0.056
0.079
0.057
-0.038
-0.027
-0.063
-0.014
0.037
0.012
-0.038
-0.034
0.029
0.025
0.027
0.027
0.012
0.032
0.036
0.03
0.033
0.015
0.009
0.018
0.01
0.011
0.0
-0.001
-0.002
