-0.203
-0.196
-0.182
-0.187
-0.209
-0.196
-0.206
-0.202
-0.208
-0.191
-0.171
-0.186
-0.183
-0.191
-0.195
-0.185
-0.17
-0.19
-0.197
-0.225
-0.209
-0.208
-0.203
-0.2
-0.187
-0.172
-0.171
-0.182
-0.19
-0.193
-0.17
-0.182
-0.193
-0.169
-0.17
-0.18
-0.18
-0.206
-0.208
-0.185
-0.192
-0.168
-0.167
-0.136
-0.14
-0.081
-0.077
-0.086
-0.115
0.029
0.166
0.139
-0.081
-0.1
0.027
0.127
0.163
0.134
0.123
0.039
0.005
0.023
0.011
0.032
0.027
0.053
0.046
0.048
0.001
-0.016
-0.134
0.023
0.037
0.044
0.031
0.042
0.046
0.041
0.053
0.031
0.025
0.026
0.029
0.033
0.028
0.031
0.049
0.029
0.024
0.024
0.014
0.012
