0.066
0.069
0.095
0.06
0.081
0.083
0.067
0.055
0.084
0.079
0.049
0.083
0.1
0.077
0.089
0.108
0.096
0.074
0.069
0.065
0.078
0.093
0.094
0.09
0.128
0.115
0.069
0.069
0.091
0.124
0.14
0.108
0.099
0.08
0.073
0.073
0.059
0.1
0.111
0.139
0.177
0.158
0.141
0.115
0.07
0.056
0.077
0.075
0.083
0.024
0.061
0.095
0.093
0.116
0.08
0.053
0.008
0.052
0.079
0.069
0.068
0.067
0.07
0.045
0.039
-0.007
0.032
0.054
0.062
0.05
0.016
0.052
0.083
0.042
0.059
0.115
0.118
0.03
0.055
0.078
0.099
0.132
0.11
0.046
0.051
0.052
0.069
0.069
0.052
0.047
0.052
0.031
0.024
0.064
0.088
0.079
0.043
0.041
0.052
0.059
0.065
0.029
0.064
0.109
0.065
0.015
0.04
