0.056
0.072
0.072
0.104
0.107
0.073
0.069
0.089
0.117
0.124
0.119
0.143
0.142
0.129
0.074
0.099
0.127
0.144
0.115
0.078
0.097
0.087
0.079
0.045
0.065
0.067
0.081
0.062
0.035
0.011
0.043
0.101
0.057
0.025
0.025
0.06
0.083
0.028
-0.026
-0.03
-0.011
0.008
0.028
0.028
0.033
0.006
-0.053
-0.037
0.014
0.038
0.016
-0.02
0.007
0.029
0.024
0.017
0.016
0.008
-0.035
-0.038
-0.005
0.015
0.011
0.009
0.026
0.013
0.02
-0.006
0.006
0.006
-0.025
-0.011
0.021
0.047
0.02
0.019
-0.006
0.028
0.015
-0.019
-0.023
0.039
0.031
-0.008
-0.057
-0.027
0.039
0.052
-0.013
-0.034
-0.037
-0.019
0.026
0.035
-0.021
-0.039
0.018
0.011
0.019
-0.032
-0.025
0.002
0.01
0.005
-0.016
-0.026
-0.038
-0.032
-0.064
-0.026
0.002
-0.07
-0.097
0.02
0.05
-0.044
-0.032
-0.019
0.036
0.016
0.02
0.023
