-0.082
-0.107
-0.187
-0.246
-0.285
-0.27
-0.25
-0.184
-0.157
-0.091
-0.067
0.014
0.093
0.169
0.25
0.244
0.267
0.266
0.258
0.247
0.212
0.147
0.059
0.057
0.077
0.064
-0.021
-0.06
-0.119
-0.211
-0.242
-0.196
-0.195
-0.15
-0.159
-0.144
-0.108
-0.124
-0.085
-0.071
-0.086
-0.097
-0.08
-0.048
-0.017
-0.028
-0.036
-0.005
-0.031
-0.01
-0.015
-0.009
-0.027
-0.065
-0.069
0.46
0.432
0.413
0.388
0.408
0.397
0.355
0.292
0.31
0.347
0.286
0.182
0.168
0.154
0.125
0.105
0.109
0.109
0.046
0.005
-0.035
0.051
0.039
-0.016
-0.073
-0.057
-0.061
-0.118
-0.166
-0.101
-0.096
-0.174
-0.185
-0.156
-0.129
-0.136
-0.186
-0.181
-0.18
-0.14
-0.176
-0.187
