0.114
0.051
-0.009
-0.012
0.036
0.008
-0.021
-0.06
-0.076
-0.072
-0.079
-0.05
-0.084
-0.072
-0.116
-0.094
-0.09
-0.076
-0.068
-0.097
-0.09
-0.122
-0.132
-0.056
-0.052
-0.03
-0.036
-0.008
-0.013
-0.021
-0.026
-0.035
0.026
-0.031
-0.032
-0.007
-0.023
-0.011
-0.011
-0.021
-0.013
-0.013
-0.022
-0.013
-0.019
-0.02
-0.023
-0.022
-0.021
-0.009
-0.01
-0.01
-0.008
-0.021
-0.022
-0.023
-0.022
-0.009
-0.011
-0.011
-0.022
-0.022
-0.022
-0.023
-0.023
-0.01
-0.011
-0.011
-0.022
-0.019
-0.021
0.349
0.374
0.392
0.41
0.402
0.455
0.492
0.447
0.357
0.382
0.401
0.295
0.238
0.25
0.169
0.092
0.062
0.027
-0.007
-0.008
0.007
0.021
0.007
-0.068
-0.103
-0.161
-0.136
-0.122
-0.088
-0.076
