0.141
-0.039
-0.123
-0.127
-0.139
-0.06
0.019
-0.118
-0.137
-0.082
-0.071
-0.063
-0.043
-0.084
-0.088
-0.049
-0.002
0.004
-0.014
-0.046
-0.106
-0.082
0.018
0.0
0.006
-0.024
-0.087
-0.101
-0.087
-0.129
-0.111
-0.096
-0.102
-0.113
-0.122
-0.139
-0.155
-0.154
-0.117
-0.108
-0.127
-0.126
-0.119
-0.128
-0.093
-0.058
-0.051
-0.045
-0.066
-0.084
-0.096
-0.09
-0.079
-0.064
-0.066
-0.098
-0.075
-0.095
-0.06
-0.028
-0.025
-0.083
-0.097
-0.099
-0.11
-0.078
-0.04
-0.045
-0.1
-0.084
-0.025
-0.034
-0.058
-0.076
-0.151
-0.042
-0.046
-0.07
-0.047
-0.095
-0.102
-0.028
0.006
-0.018
-0.033
-0.079
-0.102
-0.054
0.0
0.013
-0.009
0.0
