-0.181
-0.21
-0.172
-0.143
-0.122
-0.152
0.006
0.205
0.307
0.299
0.27
0.146
0.093
0.082
0.156
0.161
0.173
0.185
0.253
0.235
0.195
0.234
0.228
0.247
0.268
0.269
0.253
0.187
0.138
0.143
0.15
0.164
0.176
0.156
0.165
0.199
0.242
0.29
0.316
0.307
0.326
0.328
0.329
0.309
0.316
0.329
0.336
0.315
0.297
0.286
0.286
0.262
0.244
0.243
0.253
0.256
0.253
0.252
0.215
0.184
0.147
0.102
0.54
0.573
0.607
0.659
0.663
0.639
0.641
0.595
0.547
0.475
0.421
0.437
0.354
0.31
0.353
0.281
0.204
0.175
0.276
0.352
0.287
0.16
0.143
0.087
