0.302
0.33
0.281
0.228
0.27
0.285
0.26
0.243
0.24
0.244
0.255
0.217
0.214
0.216
0.227
0.212
0.224
0.226
0.223
0.175
0.156
0.19
0.208
0.15
0.123
0.172
0.14
0.107
0.112
0.084
0.079
0.069
0.051
0.041
0.036
0.01
0.019
-0.005
-0.004
0.012
0.03
0.029
0.112
0.053
0.036
0.035
-0.021
0.006
0.037
-0.001
0.015
-0.038
0.021
-0.008
-0.019
0.007
0.007
0.018
0.009
-0.013
-0.039
0.018
0.013
0.033
0.01
0.022
-0.034
-0.004
0.007
0.039
-0.019
-0.056
-0.008
-0.008
0.005
-0.029
-0.024
-0.004
-0.004
-0.039
-0.037
-0.021
-0.037
-0.06
