0.343
0.32
0.431
0.454
0.385
0.372
0.321
0.296
0.306
0.357
0.392
0.341
0.275
0.293
0.337
0.326
0.258
0.254
0.294
0.292
0.255
0.225
0.253
0.278
0.223
0.122
0.183
0.253
0.234
0.173
0.17
0.169
0.192
0.155
0.19
0.194
0.22
0.207
0.157
0.188
0.214
0.268
0.223
0.16
0.256
0.247
0.088
0.116
0.167
0.187
0.112
0.128
0.107
0.103
0.118
0.088
0.077
0.03
0.097
0.097
0.027
0.056
0.068
-0.009
-0.019
0.039
0.065
-0.005
-0.019
0.017
0.015
0.075
0.016
0.037
-0.001
0.008
0.026
0.017
-0.008
0.011
0.02
0.002
0.002
0.012
