-0.368
-0.37
-0.344
-0.307
-0.36
-0.368
-0.361
-0.321
-0.341
-0.377
-0.397
-0.375
-0.312
-0.274
-0.296
-0.319
-0.294
-0.284
-0.275
-0.29
-0.293
-0.311
-0.308
-0.284
-0.253
-0.246
-0.231
-0.194
-0.157
-0.208
-0.231
-0.191
-0.124
-0.129
-0.149
-0.187
-0.22
-0.21
-0.162
-0.136
-0.173
-0.197
-0.206
-0.175
-0.184
-0.229
-0.234
-0.2
-0.176
-0.165
-0.175
-0.135
-0.136
-0.143
-0.119
-0.128
-0.121
-0.124
-0.146
-0.125
-0.114
-0.098
-0.087
-0.127
-0.105
-0.075
-0.081
-0.104
-0.109
-0.076
-0.067
-0.064
-0.038
-0.023
-0.015
-0.068
-0.027
0.0
0.01
0.019
-0.019
-0.008
0.01
0.024
0.035
0.008
0.017
-0.001
0.02
