-0.278
-0.247
-0.237
-0.233
-0.218
-0.201
-0.211
-0.215
-0.25
-0.228
-0.261
-0.276
-0.265
-0.258
-0.284
-0.243
-0.19
-0.177
-0.204
-0.181
-0.163
-0.163
-0.144
-0.111
-0.108
-0.178
-0.183
-0.177
-0.141
-0.129
-0.12
-0.158
-0.174
-0.124
-0.123
-0.116
-0.1
-0.07
-0.103
-0.15
-0.171
-0.143
-0.099
-0.091
-0.132
-0.149
-0.202
-0.22
-0.185
-0.135
-0.083
-0.078
-0.132
-0.14
-0.144
-0.107
-0.106
-0.118
-0.093
-0.044
-0.027
-0.057
-0.059
-0.054
-0.053
-0.055
-0.059
-0.053
-0.03
-0.029
-0.056
-0.057
-0.049
-0.049
-0.054
-0.057
-0.053
-0.009
0.019
0.02
0.002
-0.004
-0.003
-0.034
-0.034
0.007
-0.005
-0.023
