0.024
0.018
0.029
-0.02
-0.083
-0.15
-0.175
-0.182
-0.212
-0.189
-0.161
-0.135
-0.132
-0.131
-0.124
-0.188
-0.201
-0.248
-0.241
-0.242
-0.267
-0.251
-0.218
-0.213
-0.256
-0.247
-0.251
-0.225
-0.242
-0.271
-0.267
-0.287
-0.293
-0.318
-0.335
-0.321
-0.191
-0.196
-0.183
-0.187
-0.219
-0.194
-0.138
-0.111
-0.105
-0.081
-0.104
-0.108
-0.095
-0.057
-0.058
-0.031
0.002
-0.021
-0.097
-0.108
-0.043
-0.005
-0.076
-0.074
-0.027
0.001
0.002
0.001
-0.028
-0.033
0.015
0.016
-0.039
-0.022
-0.017
-0.049
-0.042
-0.15
-0.048
0.058
