0.042
0.012
-0.07
-0.082
-0.035
-0.001
0.028
0.079
0.041
0.034
0.03
0.063
0.004
0.022
0.053
0.026
0.012
0.019
0.008
0.05
0.026
-0.014
-0.037
-0.037
-0.008
0.03
0.009
-0.009
-0.007
0.054
0.104
0.115
0.027
0.021
-0.028
-0.027
0.026
0.043
0.054
0.067
0.08
0.057
0.1
0.057
0.101
0.11
0.1
0.06
0.069
0.052
0.03
0.062
0.082
0.061
0.055
0.084
0.04
0.015
0.033
0.098
0.148
0.125
0.041
0.007
0.027
0.067
0.086
0.094
0.042
0.085
0.053
0.006
-0.005
0.023
0.035
-0.001
0.028
0.069
0.058
0.066
0.027
0.028
0.069
0.038
0.021
0.075
0.01
0.022
-0.052
-0.071
-0.049
0.081
0.073
0.08
-0.033
