0.053
0.041
0.012
0.015
0.027
0.029
0.054
0.048
0.037
0.037
0.034
-0.018
-0.019
0.021
0.035
0.014
0.009
0.031
0.067
0.101
0.044
0.019
-0.006
0.004
-0.002
0.0
-0.02
-0.032
0.001
0.041
0.026
-0.016
-0.048
-0.079
-0.081
-0.05
-0.052
-0.029
-0.051
-0.011
-0.02
-0.053
-0.049
-0.047
-0.036
-0.044
-0.081
-0.08
-0.049
0.002
0.012
0.048
0.003
-0.047
-0.071
-0.047
-0.049
-0.014
-0.045
-0.059
-0.041
-0.049
-0.055
-0.09
-0.111
-0.074
-0.047
-0.033
-0.036
-0.008
-0.01
-0.036
-0.086
-0.08
-0.048
-0.04
-0.045
-0.046
-0.045
-0.063
-0.084
-0.111
-0.121
-0.058
0.007
0.029
-0.019
-0.029
-0.031
-0.002
-0.005
-0.025
-0.069
-0.057
-0.051
-0.033
-0.016
-0.003
-0.065
-0.002
-0.005
0.022
-0.003
0.031
0.029
-0.036
0.009
0.042
0.044
0.033
0.011
-0.006
-0.021
0.029
0.054
0.03
-0.005
0.007
0.042
0.076
0.123
0.141
0.052
0.026
0.058
0.145
0.145
0.076
0.054
