0.027
0.086
0.079
0.049
0.029
0.02
0.024
0.05
0.025
0.036
0.033
-0.005
-0.016
-0.002
0.032
0.037
-0.002
0.001
0.0
0.048
0.037
0.029
0.038
0.037
0.037
0.012
-0.003
0.013
0.032
0.008
0.022
0.029
0.027
0.05
0.053
0.038
0.047
0.038
-0.007
0.01
0.013
0.025
0.008
0.001
-0.011
-0.036
0.002
-0.009
-0.038
-0.052
-0.053
-0.03
-0.052
-0.044
-0.046
-0.068
-0.063
-0.054
-0.034
-0.029
-0.067
-0.073
-0.093
-0.026
0.023
0.036
0.024
0.003
-0.04
-0.021
0.008
0.036
0.097
0.081
-0.022
-0.05
0.017
0.014
-0.017
-0.037
0.016
-0.053
-0.064
-0.055
-0.07
-0.055
-0.027
-0.04
-0.069
-0.011
-0.022
-0.052
-0.049
-0.05
-0.036
-0.027
-0.068
-0.069
-0.001
0.008
0.008
0.014
0.004
0.019
-0.019
-0.05
-0.021
-0.001
0.019
-0.004
-0.038
-0.016
0.048
0.048
0.056
0.061
0.046
0.014
0.008
-0.009
-0.032
-0.021
-0.016
