-0.406
-0.402
-0.383
-0.395
-0.388
-0.412
-0.384
-0.396
-0.391
-0.391
-0.356
-0.341
-0.322
-0.33
-0.313
-0.285
-0.243
-0.257
-0.262
-0.243
-0.172
-0.153
-0.205
-0.191
-0.17
-0.191
-0.186
-0.169
-0.161
-0.169
-0.194
-0.138
-0.09
-0.121
-0.162
-0.162
-0.134
-0.133
-0.145
-0.131
-0.087
-0.157
-0.164
-0.133
-0.13
-0.137
-0.147
-0.102
-0.098
-0.101
-0.113
-0.097
-0.082
-0.094
-0.073
-0.082
-0.08
-0.087
-0.23
-0.192
-0.122
-0.14
-0.226
-0.183
-0.11
-0.066
-0.05
0.019
0.132
0.145
0.097
0.079
-0.001
-0.085
-0.12
-0.099
-0.062
-0.027
-0.007
0.02
0.006
0.016
0.022
0.011
0.011
0.023
0.037
0.044
0.039
0.031
0.031
0.06
0.061
0.061
0.057
0.068
0.053
0.064
0.069
-0.31
-0.305
-0.315
-0.334
-0.309
-0.307
-0.312
-0.33
-0.308
-0.319
-0.334
-0.321
-0.31
-0.319
-0.335
-0.32
-0.294
-0.305
-0.309
-0.33
-0.321
-0.332
-0.311
-0.308
-0.292
-0.29
-0.286
-0.267
-0.195
-0.131
-0.094
-0.1
-0.119
-0.063
-0.004
0.029
0.269
0.226
-0.021
0.08
0.102
0.067
-0.078
-0.121
-0.133
-0.124
-0.084
-0.026
-0.061
-0.083
0.002
-0.034
-0.188
0.064
-0.005
-0.015
-0.033
0.006
0.003
0.017
0.017
0.005
