0.004
-0.007
-0.006
-0.007
0.007
0.006
0.006
-0.006
-0.006
0.007
0.003
0.007
-0.005
-0.006
0.006
0.007
0.007
-0.005
-0.005
0.004
0.004
0.007
-0.003
-0.004
-0.005
0.004
-0.016
-0.008
-0.008
-0.004
-0.005
0.007
-0.007
-0.007
-0.006
-0.005
-0.007
0.006
0.006
0.008
-0.008
-0.005
-0.008
-0.007
-0.001
0.016
-0.005
-0.018
-0.021
-0.358
-0.342
-0.342
-0.364
-0.34
-0.325
-0.333
-0.333
-0.321
-0.334
-0.313
-0.345
-0.362
-0.265
-0.197
-0.161
-0.082
0.004
-0.049
0.051
0.12
0.123
0.167
0.293
0.127
-0.043
-0.015
0.049
-0.021
-0.043
0.038
0.041
0.028
-0.013
-0.043
-0.026
0.009
0.022
-0.034
-0.032
0.018
0.01
0.004
-0.002
0.037
0.034
-0.018
0.012
0.013
0.022
0.012
0.033
0.041
0.047
-0.04
0.028
