-0.34
-0.311
-0.317
-0.325
-0.351
-0.322
-0.315
-0.324
-0.342
-0.325
-0.309
-0.323
-0.339
-0.326
-0.317
-0.309
-0.342
-0.324
-0.313
-0.331
-0.361
-0.364
-0.326
-0.349
-0.346
-0.28
-0.229
-0.191
-0.228
-0.23
-0.203
-0.087
-0.023
-0.022
-0.084
-0.058
0.175
0.34
0.28
0.027
0.144
-0.013
-0.106
-0.024
-0.051
-0.033
0.005
-0.02
-0.054
-0.079
-0.031
-0.079
-0.054
-0.008
-0.002
-0.008
0.003
-0.023
0.012
-0.055
0.033
0.024
0.013
0.007
0.022
-0.004
0.006
0.003
0.006
-0.001
-0.006
-0.003
0.008
0.005
-0.02
0.003
-0.003
