-0.23
-0.241
-0.217
-0.238
-0.241
-0.229
-0.234
-0.238
-0.228
-0.234
-0.232
-0.236
-0.237
-0.24
-0.242
-0.217
-0.225
-0.241
-0.229
-0.241
-0.239
-0.228
-0.229
-0.233
-0.217
-0.211
-0.239
-0.251
-0.242
-0.226
-0.216
-0.234
-0.215
-0.237
-0.218
-0.226
-0.225
-0.218
-0.236
-0.222
-0.222
-0.202
-0.206
-0.222
-0.176
-0.119
-0.2
-0.256
-0.158
0.001
0.011
0.093
0.03
-0.009
0.079
0.222
0.097
-0.01
0.044
0.074
0.037
-0.035
0.008
0.044
0.071
0.062
0.046
0.032
0.024
0.056
0.118
-0.02
0.027
0.012
0.019
0.007
0.018
-0.016
0.005
0.006
0.004
0.003
-0.017
-0.019
-0.018
0.002
0.008
0.006
-0.017
-0.019
-0.016
-0.019
