-0.247
-0.274
-0.289
-0.267
-0.251
-0.263
-0.262
-0.244
-0.245
-0.281
-0.261
-0.241
-0.218
-0.252
-0.242
-0.242
-0.238
-0.213
-0.237
-0.233
-0.215
-0.193
-0.156
-0.189
-0.18
-0.156
-0.141
-0.132
-0.121
-0.12
-0.116
-0.111
-0.137
-0.177
-0.151
-0.133
-0.126
-0.095
-0.097
-0.085
-0.047
-0.058
-0.078
-0.08
-0.057
-0.076
-0.088
-0.1
-0.09
-0.142
-0.103
-0.097
-0.097
-0.108
-0.125
-0.1
-0.132
-0.147
-0.121
-0.112
-0.074
-0.092
-0.116
-0.087
-0.085
-0.101
-0.093
-0.101
-0.068
-0.039
-0.055
-0.06
-0.042
-0.023
-0.052
-0.031
-0.012
-0.029
-0.014
0.003
-0.021
-0.013
-0.032
-0.028
-0.01
-0.008
-0.017
0.006
0.003
-0.013
-0.015
-0.018
-0.003
0.022
0.035
0.036
0.034
0.023
0.012
0.051
0.04
0.047
0.052
0.068
0.069
0.04
0.054
