-0.395
-0.385
-0.384
-0.362
-0.325
-0.332
-0.339
-0.357
-0.335
-0.267
-0.232
-0.241
-0.255
-0.273
-0.269
-0.247
-0.283
-0.289
-0.273
-0.268
-0.288
-0.287
-0.257
-0.203
-0.238
-0.253
-0.223
-0.205
-0.211
-0.232
-0.254
-0.203
-0.185
-0.201
-0.229
-0.241
-0.199
-0.194
-0.192
-0.223
-0.213
-0.2
-0.197
-0.214
-0.231
-0.229
-0.255
-0.252
-0.218
-0.196
-0.204
-0.196
-0.238
-0.224
-0.2
-0.223
-0.212
-0.201
-0.185
-0.169
-0.173
-0.153
-0.161
-0.174
-0.156
-0.134
-0.141
-0.147
-0.134
-0.146
-0.133
-0.146
-0.117
-0.126
-0.131
-0.127
-0.125
-0.121
-0.109
-0.102
-0.115
-0.117
-0.091
-0.092
-0.092
-0.076
-0.066
-0.054
-0.068
-0.084
-0.078
-0.061
-0.048
-0.05
-0.08
-0.088
-0.078
-0.064
-0.067
-0.077
-0.095
-0.078
-0.068
-0.069
-0.062
-0.095
-0.094
-0.096
-0.095
-0.084
-0.069
-0.072
-0.071
-0.048
-0.038
-0.049
-0.035
0.036
0.05
0.004
0.002
0.029
