-0.162
-0.172
-0.142
-0.085
-0.068
-0.067
-0.045
-0.081
-0.102
-0.088
-0.084
-0.089
-0.098
-0.095
-0.111
-0.084
-0.038
-0.003
0.018
-0.007
0.001
-0.066
-0.028
-0.023
0.001
0.011
0.02
-0.022
-0.066
-0.064
-0.06
-0.108
-0.133
-0.195
-0.16
-0.167
-0.212
-0.278
-0.181
-0.15
-0.146
-0.123
-0.122
-0.073
-0.115
-0.083
-0.078
-0.027
-0.089
-0.059
-0.069
-0.039
-0.053
-0.05
-0.053
-0.015
-0.012
-0.049
-0.052
-0.011
-0.016
-0.001
0.019
-0.006
-0.037
-0.065
-0.007
0.032
0.013
-0.026
-0.09
-0.103
-0.033
0.011
-0.047
-0.042
0.007
-0.025
-0.088
-0.073
-0.098
-0.089
-0.073
-0.102
-0.102
-0.038
0.017
-0.058
-0.131
-0.147
-0.099
-0.072
-0.093
-0.117
-0.118
-0.085
-0.028
