0.004
0.026
0.063
-0.042
-0.111
0.048
0.167
0.135
0.085
0.061
0.006
-0.001
0.055
0.075
0.054
-0.035
-0.014
0.003
0.097
0.148
0.146
0.101
0.1
0.062
0.152
0.177
0.173
0.159
0.12
0.146
0.185
0.156
0.108
0.11
0.061
0.125
0.135
0.127
0.163
0.148
0.133
0.138
0.116
0.102
0.146
0.075
0.058
0.097
0.081
0.091
0.128
0.109
0.086
0.108
0.164
0.03
0.026
0.023
0.04
0.071
0.091
0.01
0.007
0.079
0.075
0.034
0.036
0.018
0.023
0.013
0.052
0.068
0.057
0.063
0.093
0.044
0.002
0.048
0.045
0.031
0.057
0.015
-0.022
0.004
0.006
0.037
0.022
-0.047
-0.087
-0.099
-0.054
0.006
0.005
-0.024
-0.093
-0.076
-0.012
-0.05
-0.094
-0.089
-0.095
-0.062
-0.047
-0.115
-0.148
-0.055
-0.067
-0.083
-0.09
-0.127
