0.147
0.147
0.176
0.153
0.154
0.252
0.252
0.24
0.186
0.187
0.173
0.156
0.15
0.151
0.187
0.205
0.17
0.208
0.171
0.163
0.18
0.151
0.173
0.164
0.099
0.059
-0.006
-0.053
-0.026
-0.034
-0.016
0.07
0.123
0.175
0.239
0.291
0.315
0.342
0.34
0.336
0.398
0.33
0.399
0.371
0.251
0.285
0.337
0.272
0.12
0.07
0.047
-0.033
-0.031
0.05
0.092
0.1
0.062
0.078
0.156
0.182
0.191
0.149
0.14
0.186
0.237
0.278
0.277
0.301
0.215
0.171
0.179
0.202
0.226
0.257
0.3
0.422
0.411
0.441
0.477
0.404
0.288
0.353
0.456
0.452
0.436
0.376
0.29
0.28
0.26
0.227
0.194
0.21
0.153
0.153
0.194
0.107
0.119
0.118
0.109
0.046
-0.012
-0.052
-0.01
0.012
0.001
-0.03
-0.031
-0.072
-0.126
-0.138
-0.181
-0.212
-0.229
-0.27
-0.262
-0.254
-0.241
-0.212
-0.203
-0.241
-0.255
-0.251
-0.241
-0.217
-0.236
-0.216
