-0.01
-0.026
-0.009
0.011
0.049
0.014
0.017
0.025
-0.035
0.033
0.076
0.116
0.062
0.01
0.004
0.015
0.065
0.012
0.031
0.037
-0.017
-0.048
-0.07
-0.05
-0.01
-0.012
-0.041
-0.086
-0.123
-0.141
-0.161
-0.188
-0.166
-0.163
-0.171
-0.282
-0.281
-0.227
-0.174
-0.19
-0.188
-0.107
-0.112
-0.114
-0.15
-0.204
-0.145
-0.091
-0.096
-0.097
-0.08
-0.056
-0.069
0.013
0.009
0.12
0.02
0.037
0.025
0.036
0.037
0.037
0.03
0.012
0.044
0.036
0.034
0.029
0.026
0.024
0.026
0.025
0.026
0.028
0.026
0.025
0.025
0.024
0.025
0.025
0.027
0.17
0.154
0.139
0.174
0.155
0.194
0.189
0.14
0.08
0.054
0.063
0.09
0.107
0.089
0.065
0.056
0.081
0.108
0.126
0.026
0.065
0.11
0.114
0.102
0.107
0.116
0.162
0.189
