0.006
-0.031
-0.081
-0.043
-0.005
0.017
-0.021
-0.014
-0.015
0.004
-0.033
0.003
-0.005
-0.012
-0.025
0.0
-0.022
-0.033
-0.014
-0.036
-0.036
-0.013
-0.049
-0.064
-0.04
-0.059
-0.055
-0.064
-0.044
-0.052
-0.064
-0.063
-0.026
-0.029
-0.028
-0.064
-0.08
-0.088
-0.105
-0.1
-0.114
-0.132
-0.111
-0.084
-0.083
-0.026
-0.066
-0.063
0.034
-0.002
-0.037
-0.048
-0.029
-0.025
-0.074
-0.061
-0.075
-0.085
-0.061
-0.1
-0.168
-0.226
-0.183
-0.195
-0.223
-0.197
-0.165
-0.174
-0.166
-0.14
-0.122
-0.102
-0.148
-0.146
-0.109
-0.131
-0.148
