0.286
0.28
0.33
0.31
0.323
0.351
0.336
0.328
0.326
0.338
0.322
0.366
0.367
0.349
0.344
0.382
0.398
0.359
0.324
0.346
0.376
0.375
0.314
0.321
0.38
0.366
0.265
0.177
0.214
0.27
0.235
0.122
0.128
0.239
0.211
0.152
0.175
0.165
0.168
0.106
0.07
0.098
0.119
0.061
-0.005
0.008
-0.019
-0.07
-0.085
-0.047
-0.01
-0.057
-0.106
-0.103
-0.095
-0.057
-0.092
-0.116
-0.097
-0.242
-0.096
-0.098
-0.015
-0.028
-0.01
-0.005
0.019
0.0
0.057
-0.101
0.048
0.054
-0.004
0.017
-0.003
-0.046
-0.047
-0.037
-0.01
0.073
0.057
0.071
0.051
0.01
-0.018
-0.043
-0.043
-0.053
-0.056
-0.032
-0.023
0.014
0.026
0.014
0.051
0.063
0.067
0.056
0.071
0.096
0.107
0.148
0.165
0.191
0.192
0.181
0.18
0.155
0.18
0.182
0.24
0.273
0.26
0.277
