-0.018
0.018
-0.023
-0.048
-0.043
-0.068
-0.023
0.024
0.007
-0.003
-0.008
-0.024
-0.03
-0.008
0.013
-0.005
-0.007
0.002
-0.004
0.037
0.022
-0.017
-0.005
0.004
-0.001
0.037
0.022
0.035
0.037
-0.033
-0.045
-0.047
-0.006
-0.001
-0.025
-0.054
-0.004
-0.014
-0.025
-0.035
0.022
0.013
0.037
-0.009
-0.053
-0.049
-0.011
0.016
-0.004
0.001
0.006
-0.004
0.025
0.042
0.015
0.007
0.037
0.055
0.079
0.038
0.023
0.036
0.028
0.064
0.062
0.046
0.043
0.046
0.019
0.021
0.071
0.123
0.098
0.011
-0.041
-0.066
-0.033
0.06
0.112
0.074
0.073
0.116
0.101
0.069
0.046
0.068
0.057
0.06
0.078
0.064
0.031
0.051
0.056
0.057
0.06
0.097
0.173
0.173
0.141
0.14
0.119
0.042
0.06
0.074
0.083
0.066
0.099
0.161
0.134
0.035
-0.001
0.032
0.095
0.091
0.048
0.002
-0.034
-0.006
0.023
0.037
-0.013
-0.045
-0.045
-0.007
0.045
-0.037
-0.005
0.055
0.07
0.025
-0.039
-0.019
0.016
-0.059
-0.082
-0.014
-0.038
0.003
0.021
0.007
-0.013
-0.012
-0.007
0.051
0.067
