-0.004
0.055
0.076
0.072
0.094
0.051
-0.014
0.035
0.042
0.066
0.096
0.04
0.037
0.021
0.015
0.045
0.073
0.051
0.039
0.038
-0.007
-0.015
-0.013
-0.033
0.003
-0.025
-0.014
-0.051
-0.112
-0.069
-0.02
-0.022
-0.012
-0.051
-0.096
-0.136
-0.09
-0.06
-0.097
-0.098
-0.086
-0.095
-0.097
-0.057
-0.064
-0.126
-0.162
-0.181
-0.229
-0.216
-0.193
-0.163
-0.156
-0.13
-0.07
-0.009
0.0
-0.063
-0.091
-0.126
-0.108
-0.13
-0.135
-0.156
-0.151
-0.175
-0.139
-0.109
-0.076
-0.04
-0.038
-0.067
-0.06
-0.094
-0.102
-0.108
-0.143
-0.158
-0.153
-0.163
-0.133
-0.121
-0.132
-0.113
-0.086
-0.088
-0.11
-0.091
-0.11
-0.102
-0.089
-0.076
-0.086
