0.174
0.328
0.304
0.25
0.278
0.248
0.026
0.199
0.21
0.042
-0.049
0.096
0.177
0.103
-0.019
-0.028
0.023
-0.022
-0.024
-0.021
-0.001
-0.013
-0.051
-0.035
0.011
0.018
-0.033
0.001
0.006
-0.016
0.009
0.031
-0.005
-0.032
-0.02
0.039
0.067
0.05
0.009
0.047
0.068
0.065
0.005
-0.031
-0.065
-0.012
0.051
0.061
0.068
0.068
0.046
0.062
0.09
0.132
0.043
0.019
-0.005
0.034
0.024
0.025
0.021
0.008
-0.026
-0.013
-0.032
-0.013
-0.066
-0.018
-0.05
-0.061
-0.062
-0.077
-0.066
-0.122
-0.097
-0.146
-0.154
-0.142
-0.105
-0.044
-0.027
-0.019
0.02
0.033
0.003
0.007
0.039
-0.023
0.031
0.09
0.081
0.061
0.039
0.017
0.069
0.081
0.073
0.059
0.063
0.085
0.061
0.057
0.053
0.056
0.067
0.062
0.074
0.064
0.063
0.063
