-0.003
0.005
0.054
0.051
0.008
0.01
-0.065
-0.011
0.043
-0.001
-0.052
-0.055
-0.086
-0.004
0.01
-0.041
-0.073
-0.086
-0.06
-0.083
-0.068
-0.067
-0.083
-0.049
-0.036
-0.033
-0.083
-0.098
-0.078
-0.045
-0.04
-0.052
-0.079
-0.084
-0.057
-0.058
-0.09
-0.079
-0.031
-0.027
-0.056
-0.047
-0.064
-0.069
-0.072
-0.094
-0.066
-0.068
-0.059
-0.026
-0.058
-0.096
-0.082
-0.048
-0.048
-0.049
-0.068
-0.075
-0.045
-0.015
-0.022
-0.013
-0.018
-0.05
-0.089
-0.073
-0.05
-0.068
-0.059
-0.028
-0.025
-0.045
-0.014
0.008
-0.008
-0.046
-0.04
-0.064
-0.047
-0.063
-0.055
0.005
-0.007
-0.032
-0.044
-0.037
-0.004
-0.044
-0.085
-0.045
0.008
0.007
