-0.045
-0.048
-0.051
-0.058
-0.083
-0.027
-0.017
-0.013
-0.083
-0.132
-0.12
-0.084
-0.008
-0.035
-0.072
-0.047
-0.012
-0.013
-0.054
-0.051
-0.099
-0.111
-0.061
-0.042
-0.078
-0.087
-0.073
-0.038
-0.013
0.0
0.007
-0.029
-0.07
-0.085
-0.039
-0.041
-0.015
-0.038
-0.002
0.002
-0.027
-0.011
-0.049
-0.063
-0.069
-0.035
-0.015
-0.014
-0.033
-0.038
-0.025
-0.009
-0.011
-0.064
-0.058
-0.04
-0.053
-0.066
-0.047
-0.028
-0.051
-0.069
-0.071
-0.126
-0.13
-0.085
-0.074
-0.101
-0.076
-0.062
-0.09
-0.104
-0.123
-0.141
-0.115
-0.07
