0.064
0.008
-0.05
-0.091
-0.115
-0.12
-0.132
-0.129
-0.06
-0.052
-0.116
-0.159
-0.158
-0.143
-0.055
-0.106
-0.118
-0.1
-0.044
-0.027
-0.006
-0.014
-0.034
-0.01
0.027
0.05
0.002
-0.031
-0.011
-0.053
-0.047
0.033
0.026
-0.036
0.008
0.098
0.15
0.148
0.13
0.066
0.094
0.119
0.112
0.096
0.075
0.134
0.177
0.144
0.135
0.151
0.127
0.108
0.106
0.103
0.144
0.169
0.136
0.105
0.113
0.109
0.176
0.169
0.164
0.173
0.162
0.125
0.13
0.149
0.167
0.15
0.122
0.119
0.143
0.12
0.128
0.163
0.167
0.134
0.132
0.115
0.132
0.159
0.139
0.127
0.098
0.061
0.062
0.116
0.128
0.084
0.041
0.071
0.11
0.133
0.148
0.131
0.112
0.13
0.158
