0.179
0.19
0.216
0.167
0.203
0.155
0.121
0.081
0.048
-0.013
-0.086
-0.115
-0.136
-0.173
-0.123
-0.148
-0.108
-0.011
-0.036
0.022
0.13
0.111
0.066
0.033
0.049
0.175
0.288
0.215
0.208
0.209
0.211
0.191
0.175
0.161
0.127
0.107
0.116
0.122
0.121
0.101
0.095
0.101
0.12
0.097
0.106
0.077
0.008
0.0
0.083
-0.023
-0.128
-0.182
-0.151
-0.146
-0.115
-0.13
-0.097
-0.081
-0.091
-0.038
-0.006
-0.04
-0.066
-0.068
-0.081
-0.104
-0.072
0.052
0.059
0.094
0.188
0.226
0.195
0.173
0.157
0.159
0.171
0.156
0.142
0.15
0.172
0.219
0.195
0.176
0.198
