-0.001
-0.003
-0.006
0.047
0.066
0.01
0.02
-0.036
0.01
0.039
0.011
-0.034
-0.053
-0.013
-0.038
0.004
-0.009
-0.014
-0.062
-0.093
-0.051
-0.067
-0.017
-0.041
-0.102
-0.098
-0.053
-0.05
-0.057
-0.05
-0.027
-0.043
-0.053
-0.009
-0.031
-0.051
-0.024
-0.04
-0.026
-0.015
-0.036
0.018
0.007
-0.022
-0.002
0.009
0.021
0.016
0.008
0.005
0.006
0.008
0.032
0.034
0.016
-0.021
0.02
0.022
0.023
0.018
0.004
-0.008
0.018
-0.018
-0.023
-0.01
-0.016
-0.006
-0.021
-0.038
-0.038
-0.03
-0.042
-0.029
-0.025
-0.029
-0.08
-0.056
