-0.015
-0.026
-0.036
-0.028
0.045
-0.014
0.026
0.035
0.07
0.074
0.149
0.136
0.136
0.146
0.099
0.042
0.052
0.021
-0.032
-0.042
-0.059
-0.072
-0.073
-0.099
-0.105
-0.122
-0.131
-0.141
-0.146
-0.133
-0.158
-0.162
-0.179
-0.15
-0.14
-0.173
-0.179
-0.19
-0.206
-0.212
-0.241
-0.231
-0.223
-0.196
-0.234
-0.257
-0.195
-0.183
-0.209
-0.211
-0.151
-0.131
-0.164
-0.134
-0.088
-0.066
0.01
-0.146
-0.123
-0.086
-0.041
-0.018
0.02
0.038
-0.027
-0.117
-0.021
0.089
0.047
-0.063
-0.101
-0.008
-0.004
-0.082
-0.08
0.003
0.024
-0.009
-0.026
-0.012
0.047
0.049
-0.008
-0.007
0.079
0.111
0.069
0.009
0.068
0.118
0.116
0.086
