-0.05
-0.056
-0.061
-0.064
-0.063
-0.015
0.035
-0.038
-0.02
-0.003
-0.003
0.034
0.051
0.012
0.039
0.023
0.034
0.038
0.074
0.063
0.051
0.031
0.079
0.076
0.111
0.094
0.082
0.07
0.07
0.079
0.063
0.028
0.038
0.037
0.008
-0.005
-0.016
-0.014
-0.024
-0.038
-0.049
-0.04
-0.059
-0.078
-0.062
-0.07
-0.081
-0.083
-0.06
-0.041
-0.056
-0.096
-0.083
-0.08
-0.059
-0.034
-0.052
-0.049
-0.037
-0.009
-0.062
-0.021
-0.074
-0.084
0.0
0.02
-0.061
-0.028
0.026
0.021
-0.012
0.003
-0.029
-0.027
0.004
0.04
0.044
0.01
-0.048
-0.053
-0.036
-0.114
-0.148
-0.072
-0.075
-0.117
-0.086
-0.001
0.095
0.029
-0.07
-0.03
0.083
