-0.21
-0.204
-0.221
-0.186
-0.158
-0.127
-0.105
-0.092
-0.092
-0.11
-0.109
-0.14
-0.126
-0.097
-0.097
-0.089
-0.022
0.059
0.076
0.131
0.14
0.181
0.24
0.313
0.246
0.334
0.318
0.38
0.387
0.441
0.464
0.474
0.459
0.413
0.518
0.449
0.489
0.466
0.48
0.554
0.562
0.528
0.538
0.646
0.626
0.596
0.603
0.64
0.653
0.615
0.508
0.504
0.559
0.536
0.407
0.308
0.285
0.248
0.168
0.088
0.043
-0.043
0.006
0.035
-0.044
-0.103
-0.126
-0.164
-0.299
-0.214
-0.188
-0.188
-0.234
-0.264
-0.263
-0.152
-0.121
-0.144
-0.13
-0.15
-0.143
-0.143
-0.12
-0.127
-0.128
-0.115
-0.12
-0.192
-0.119
-0.097
-0.115
-0.081
-0.072
-0.023
-0.008
0.014
0.031
0.037
0.108
0.194
0.219
0.257
0.289
0.349
0.377
0.364
0.411
0.478
0.51
0.481
0.465
0.492
0.497
0.507
0.514
0.536
0.535
