-0.132
-0.047
-0.099
-0.072
-0.081
-0.078
-0.109
-0.224
-0.182
-0.224
-0.309
-0.317
-0.374
-0.411
-0.389
-0.462
-0.501
-0.536
-0.567
-0.5
-0.536
-0.553
-0.541
-0.513
-0.568
-0.556
-0.564
-0.54
-0.578
-0.569
-0.548
-0.525
-0.568
-0.584
-0.558
-0.563
-0.565
-0.566
-0.564
-0.552
-0.563
-0.563
-0.545
-0.543
-0.568
-0.526
-0.519
-0.529
-0.554
-0.479
-0.507
-0.553
-0.529
-0.434
-0.47
-0.492
-0.404
-0.444
-0.422
-0.368
-0.314
-0.372
-0.41
-0.351
-0.283
-0.328
-0.347
-0.348
-0.329
-0.33
-0.298
-0.351
-0.306
-0.259
-0.27
-0.265
-0.296
-0.31
-0.286
-0.279
-0.261
-0.245
-0.26
-0.23
-0.194
-0.164
-0.172
-0.153
-0.156
-0.133
-0.128
-0.148
-0.154
-0.191
-0.162
-0.158
-0.152
-0.152
-0.141
-0.148
-0.17
-0.16
0.066
0.056
0.087
-0.103
-0.409
-0.27
-0.309
-0.296
-0.236
-0.252
-0.245
-0.267
-0.3
-0.184
-0.175
-0.207
-0.227
-0.2
-0.156
-0.137
-0.073
-0.098
-0.163
-0.201
-0.177
-0.129
-0.109
-0.114
-0.174
-0.239
