-0.002
-0.023
-0.032
0.036
-0.03
-0.085
-0.109
-0.106
-0.15
-0.201
-0.276
-0.318
-0.326
-0.338
-0.317
-0.321
-0.345
-0.361
-0.365
-0.377
-0.396
-0.386
-0.392
-0.392
-0.394
-0.425
-0.384
-0.382
-0.382
-0.391
-0.427
-0.417
-0.433
-0.431
-0.4
-0.412
-0.415
-0.433
-0.427
-0.412
-0.421
-0.419
-0.443
-0.442
-0.422
-0.412
-0.425
-0.419
-0.418
-0.41
-0.402
-0.423
-0.412
-0.4
-0.415
-0.405
-0.402
-0.426
-0.414
-0.418
-0.441
-0.434
-0.443
-0.43
-0.437
-0.457
-0.444
-0.437
-0.46
-0.452
-0.459
-0.453
0.035
0.014
0.014
0.036
0.028
0.03
0.048
0.029
0.025
0.032
0.014
0.033
0.038
0.027
0.027
0.028
0.026
0.026
0.024
0.024
0.025
0.038
0.038
0.037
0.037
0.029
0.031
-0.009
0.016
0.037
0.067
0.056
0.055
0.035
0.045
0.05
0.026
0.014
0.052
0.03
0.048
0.049
0.031
0.03
0.028
0.029
0.029
0.047
0.047
0.047
0.048
0.029
0.029
0.029
0.047
0.013
-0.208
-0.117
-0.321
0.241
0.822
0.516
0.491
0.571
0.579
0.643
0.605
0.607
0.645
0.637
0.77
0.797
0.598
0.4
0.38
0.303
0.21
0.207
0.258
0.237
0.244
0.191
0.14
0.161
0.159
0.144
0.092
0.064
0.043
0.088
0.127
