0.01
0.02
0.022
0.009
-0.006
0.039
0.032
-0.017
0.253
-0.064
-0.644
-1.276
-1.33
-1.293
-0.383
-1.01
-1.002
-0.937
-0.892
-0.809
0.951
0.086
1.17
1.396
0.239
0.532
-0.188
-0.308
-0.143
-0.405
-0.716
-0.284
-1.3
-0.196
-0.175
0.199
0.036
-0.048
0.048
0.083
0.084
0.101
0.082
-0.088
-0.006
0.349
0.107
-0.113
-0.025
-0.53
-0.121
0.003
0.044
-0.047
-0.135
-0.121
-0.053
-0.031
-0.119
-0.167
-0.056
-0.036
-0.072
-0.027
0.032
0.022
-0.038
-0.018
0.01
0.057
0.078
0.1
0.072
0.071
0.018
0.008
0.047
0.118
-0.017
-0.086
-0.023
-0.001
-0.018
0.017
0.002
0.017
-0.001
-0.005
-0.111
-0.013
0.002
-0.074
-0.022
0.132
0.329
0.246
0.165
0.162
0.163
0.173
0.016
-0.167
-0.141
-0.014
-0.021
0.02
-0.01
-0.031
-0.049
-0.013
-0.064
0.02
0.027
-0.015
-0.034
0.031
0.015
0.034
0.003
0.021
0.022
0.0
0.016
