0.014
0.014
0.057
0.13
0.13
0.092
0.096
0.089
0.093
0.125
0.131
0.137
0.13
0.073
0.096
0.092
0.132
0.105
0.101
0.062
0.07
0.105
0.131
0.143
0.125
0.132
0.146
0.148
0.145
0.16
0.174
0.161
0.14
0.171
0.174
0.144
0.117
0.145
0.153
0.177
0.172
0.15
0.155
0.179
0.183
0.174
0.177
0.205
0.197
0.181
0.153
0.137
0.149
0.169
-0.041
-0.086
0.07
0.194
0.083
0.126
0.203
0.24
0.159
0.092
0.063
0.04
0.024
0.06
0.086
0.014
-0.069
-0.038
-0.033
-0.023
-0.023
-0.007
0.049
0.164
0.093
0.045
0.099
0.107
0.084
0.024
